method,subject,trial,y_true,y_pred,proba_left_hand,proba_right_hand,proba_feet,proba_tongue
csp-lda,1,0,tongue,feet,0.1917147511083667,0.2677383177870515,0.356982839293064,0.1835640918115179
csp-lda,1,1,feet,right_hand,0.1175006234216718,0.4173648174927303,0.3345824720717205,0.1305520870138775
csp-lda,1,2,right_hand,right_hand,0.3670402865329709,0.4260318786286775,0.1060815937974404,0.1008462410409108
csp-lda,1,3,left_hand,left_hand,0.7012624574730714,0.0321117027439976,0.1624649936384374,0.1041608461444936
csp-lda,1,4,left_hand,left_hand,0.487577691020307,0.069314594008001,0.2943097889971998,0.1487979259744921
csp-lda,1,5,right_hand,right_hand,0.1945981087126508,0.5511052182694323,0.1414602746751415,0.1128363983427754
csp-lda,1,6,feet,feet,0.1645143073154003,0.2102442477454041,0.4773804645898085,0.1478609803493871
csp-lda,1,7,tongue,right_hand,0.1217966363536449,0.4541240566226969,0.33910088813713,0.084978418886528
csp-lda,1,8,right_hand,right_hand,0.1933644415870896,0.5238344584492912,0.1536690299337021,0.1291320700299169
csp-lda,1,9,feet,feet,0.2407209230352472,0.2315036943411053,0.3933036461680118,0.1344717364556356
csp-lda,1,10,left_hand,left_hand,0.3676396804297974,0.1093174087160488,0.3279923016306663,0.1950506092234874
csp-lda,1,11,left_hand,left_hand,0.3407107239235429,0.3073841725657877,0.1875680457428937,0.1643370577677756
csp-lda,1,12,left_hand,feet,0.3139769496599547,0.1777668389140632,0.3754262258190973,0.1328299856068846
csp-lda,1,13,tongue,right_hand,0.2394652383082106,0.3466864010967625,0.2284199378427097,0.1854284227523171
csp-lda,1,14,right_hand,right_hand,0.1958112376244573,0.5255292336547545,0.1053204069336625,0.1733391217871256
csp-lda,1,15,right_hand,right_hand,0.1817418559723995,0.4336996367035686,0.2242950801291563,0.1602634271948755
csp-lda,1,16,left_hand,left_hand,0.4620923191989601,0.2109265759813281,0.1277951598741767,0.199185944945535
csp-lda,1,17,left_hand,left_hand,0.3717887471258058,0.2516803848448377,0.1527870168357356,0.2237438511936208
csp-lda,1,18,feet,right_hand,0.0754248480321558,0.4623918188294179,0.3729475223769073,0.0892358107615186
csp-lda,1,19,left_hand,left_hand,0.4589865579028587,0.2352866485958167,0.1266299853605692,0.1790968081407553
csp-lda,1,20,right_hand,right_hand,0.1468897324540596,0.5911815188012569,0.1542746349234638,0.1076541138212195
csp-lda,1,21,tongue,left_hand,0.4540574433786286,0.1050009809986423,0.2618546348511145,0.1790869407716145
csp-lda,1,22,tongue,left_hand,0.3774751698589859,0.154701191642861,0.2996655132455375,0.1681581252526154
csp-lda,1,23,feet,left_hand,0.3482520815622858,0.1713833167403117,0.2356843518778334,0.2446802498195691
csp-lda,1,24,left_hand,right_hand,0.3152019872535709,0.3973939942118786,0.1606316195764235,0.1267723989581268
csp-lda,1,25,tongue,feet,0.3168594083101037,0.161435768884532,0.3618331702093729,0.1598716525959912
csp-lda,1,26,tongue,feet,0.336365676447198,0.1031597998050752,0.3653829906331094,0.1950915331146171
csp-lda,1,27,right_hand,right_hand,0.0907833848048156,0.5380531112705665,0.2707834676139463,0.1003800363106715
csp-lda,1,28,tongue,left_hand,0.3989479656304537,0.0615116305630707,0.2589602846927025,0.280580119113773
csp-lda,1,29,tongue,left_hand,0.6452837128992832,0.0223803757844469,0.1947583715849388,0.1375775397313309
csp-lda,1,30,right_hand,right_hand,0.3294160963012317,0.3746190897401041,0.1173434390650073,0.1786213748936569
csp-lda,1,31,left_hand,left_hand,0.3856119132231192,0.2868285718897892,0.1811308950646244,0.1464286198224672
csp-lda,1,32,right_hand,left_hand,0.4295479732600737,0.2279911122420706,0.1472470033761341,0.1952139111217216
csp-lda,1,33,feet,left_hand,0.4983798711721455,0.0564427206081711,0.2672138706778488,0.1779635375418344
csp-lda,1,34,feet,right_hand,0.157433703979547,0.5161900218160622,0.1630623965880218,0.1633138776163689
csp-lda,1,35,feet,left_hand,0.3309960182303122,0.1970102837698574,0.2228669561757102,0.2491267418241201
csp-lda,1,36,tongue,feet,0.082249400353804,0.3935174753440182,0.4032940866433899,0.1209390376587878
csp-lda,1,37,feet,right_hand,0.1200744487435265,0.5494774900026828,0.1568796918298446,0.1735683694239461
csp-lda,1,38,left_hand,right_hand,0.1999678276393568,0.5052034955407224,0.1149459416527313,0.1798827351671892
csp-lda,1,39,tongue,right_hand,0.1932275945207242,0.4422017894616643,0.2145030506079718,0.1500675654096396
csp-lda,1,40,right_hand,right_hand,0.2761234612913276,0.4382583642367859,0.1255959145407129,0.1600222599311735
csp-lda,1,41,feet,feet,0.2698902038361981,0.1300432757222101,0.4495339653495613,0.1505325550920302
csp-lda,1,42,right_hand,left_hand,0.4544776629822084,0.3441424700835443,0.0662275689445849,0.1351522979896625
csp-lda,1,43,feet,feet,0.1582244790345945,0.2803804684625611,0.3367221469178663,0.224672905584978
csp-lda,1,44,tongue,feet,0.0895352784393786,0.3246583235980886,0.4432828398448973,0.1425235581176353
csp-lda,1,45,right_hand,right_hand,0.29626236050764,0.4100282136839561,0.1527956042454859,0.1409138215629179
csp-lda,1,46,feet,left_hand,0.3915070252066624,0.1631349870954049,0.2956347884316186,0.1497231992663139
csp-lda,1,47,left_hand,right_hand,0.144747063035376,0.5045259924950264,0.2097255981480811,0.1410013463215164
csp-lda,1,48,left_hand,left_hand,0.5460365614834958,0.1942280105919822,0.1136839654361658,0.146051462488356
csp-lda,1,49,left_hand,right_hand,0.1563329024484643,0.5616471478822062,0.1231344089540971,0.1588855407152323
csp-lda,1,50,tongue,feet,0.1057783389531847,0.314467632427302,0.503044733973983,0.0767092946455301
csp-lda,1,51,right_hand,right_hand,0.1195827578077989,0.7168685347485519,0.0683823294871513,0.0951663779564977
csp-lda,1,52,left_hand,right_hand,0.2165014725029737,0.3139603053565009,0.2600650835691849,0.2094731385713402
csp-lda,1,53,feet,feet,0.1296294998918146,0.2807230939399756,0.43126879614115,0.1583786100270597
csp-lda,1,54,left_hand,left_hand,0.5170974697439412,0.1407142381296203,0.156780088664348,0.1854082034620904
csp-lda,1,55,feet,right_hand,0.0871102555864452,0.4965304410345479,0.311945470247571,0.1044138331314358
csp-lda,1,56,right_hand,right_hand,0.3407867899922089,0.4064396690186411,0.1000624188200659,0.1527111221690839
csp-lda,1,57,tongue,left_hand,0.3881691624085221,0.2359369792653038,0.2658505196114792,0.1100433387146948
csp-lda,1,58,left_hand,left_hand,0.3518777030142381,0.1618495703171463,0.3007165324271872,0.1855561942414283
csp-lda,1,59,feet,feet,0.1381604786873963,0.257150797818683,0.4420848585188719,0.1626038649750486
csp-lda,1,60,feet,feet,0.145274484521222,0.2886173328094068,0.3660877712134101,0.200020411455961
csp-lda,1,61,left_hand,left_hand,0.5230053580614193,0.2359126036541012,0.1253269801535759,0.1157550581309034
csp-lda,1,62,feet,feet,0.1979967353365407,0.2464125923330505,0.4276073421093251,0.1279833302210835
csp-lda,1,63,right_hand,right_hand,0.2453531935881628,0.4879588889296022,0.1114705601434297,0.1552173573388053
csp-lda,1,64,tongue,feet,0.3948138875659073,0.0638773973155659,0.4255055651938613,0.1158031499246655
csp-lda,1,65,tongue,feet,0.1261009686497423,0.1763968945415382,0.6037075315336835,0.0937946052750358
csp-lda,1,66,tongue,feet,0.2698124730122944,0.0760487125282905,0.4592695781012798,0.1948692363581353
csp-lda,1,67,feet,right_hand,0.185606508172891,0.3338282354018806,0.3288620368968044,0.1517032195284237
csp-lda,1,68,left_hand,right_hand,0.3391800968554317,0.3451603290242473,0.1562390133567737,0.1594205607635472
csp-lda,1,69,tongue,right_hand,0.1476352196190191,0.3670103980970539,0.3348189153545148,0.1505354669294122
csp-lda,1,70,right_hand,right_hand,0.1460404971515282,0.6372580622089483,0.0971306745408099,0.1195707660987134
csp-lda,1,71,tongue,feet,0.23580268925683,0.242119531981604,0.2909182423440698,0.2311595364174961
csp-lda,1,72,right_hand,right_hand,0.2336552275309277,0.5329477473672629,0.0848517364150754,0.1485452886867339
csp-lda,1,73,left_hand,left_hand,0.4902495293253509,0.2498351693664257,0.0884636974421573,0.1714516038660659
csp-lda,1,74,feet,feet,0.1379393240283268,0.2676831811049119,0.412852364516003,0.1815251303507583
csp-lda,1,75,right_hand,right_hand,0.3250004675198563,0.3563136622993715,0.10365378280091,0.2150320873798621
csp-lda,1,76,left_hand,left_hand,0.5937883544606419,0.0893701727717055,0.1582957605193458,0.1585457122483066
csp-lda,1,77,feet,feet,0.2849561156819001,0.0666360557090705,0.5100212894540338,0.1383865391549955
csp-lda,1,78,feet,feet,0.2753785947057441,0.1556299045538469,0.4488500027086293,0.1201414980317795
csp-lda,1,79,left_hand,right_hand,0.3002775822053318,0.4356900203503055,0.1216141470589841,0.1424182503853785
csp-lda,1,80,feet,feet,0.1137229128840399,0.2626476458236898,0.4800222141056247,0.1436072271866456
csp-lda,1,81,tongue,right_hand,0.2602814885736622,0.3737284578574497,0.2136324438161929,0.1523576097526951
csp-lda,1,82,tongue,feet,0.1102841187558401,0.3629083163311332,0.3793544184307524,0.1474531464822741
csp-lda,1,83,right_hand,right_hand,0.165760005562001,0.661033013594432,0.0877324410963833,0.0854745397471837
csp-lda,1,84,left_hand,left_hand,0.7090052243132783,0.0542013976884123,0.1001449858066668,0.1366483921916425
csp-lda,1,85,right_hand,right_hand,0.0443724428766411,0.7064121445420508,0.1288328423574181,0.1203825702238897
csp-lda,1,86,tongue,right_hand,0.0957331167284958,0.5304258040577654,0.2698658847177455,0.1039751944959931
csp-lda,1,87,right_hand,right_hand,0.2382221624949201,0.5237256156283432,0.0830001661230955,0.1550520557536411
csp-lda,1,88,tongue,feet,0.2227975256014249,0.1910359992972475,0.4357513756901495,0.1504150994111779
csp-lda,1,89,feet,right_hand,0.1056284095674883,0.556976367489824,0.1857689682846659,0.1516262546580216
csp-lda,1,90,right_hand,right_hand,0.305012385030759,0.3554980723864349,0.1394050239500939,0.200084518632712
csp-lda,1,91,right_hand,right_hand,0.1737753834081757,0.5394891688917132,0.1480754824013725,0.1386599652987386
csp-lda,1,92,right_hand,right_hand,0.2057784755615043,0.4593154787208817,0.1495999656353951,0.1853060800822189
csp-lda,1,93,feet,feet,0.2599967789405888,0.1791869910348312,0.4366592543781916,0.1241569756463882
csp-lda,1,94,tongue,left_hand,0.3249185122690091,0.3030374192101941,0.2256328906803553,0.1464111778404413
csp-lda,1,95,left_hand,right_hand,0.2095528196198152,0.355215298542727,0.2415990587036262,0.1936328231338314
csp-lda,1,96,right_hand,right_hand,0.1836534950890334,0.519078066124235,0.1254717467731455,0.171796692013586
csp-lda,1,97,tongue,feet,0.1583489264124866,0.1236415222489563,0.4706445342917081,0.2473650170468488
csp-lda,1,98,left_hand,left_hand,0.3313184874979967,0.2546925707861018,0.2337714017427551,0.1802175399731463
csp-lda,1,99,feet,left_hand,0.3152693563427099,0.2526309203003107,0.2809359314226855,0.1511637919342937
csp-lda,1,100,feet,right_hand,0.2171557730486995,0.3425443486757584,0.2804479121921817,0.1598519660833603
csp-lda,1,101,tongue,right_hand,0.1093560047244462,0.3859028565204203,0.3589660662219003,0.1457750725332328
csp-lda,1,102,left_hand,right_hand,0.1248646946638006,0.5019752407377045,0.2081309807986483,0.1650290837998464
csp-lda,1,103,left_hand,right_hand,0.2375405037033935,0.2997522424023762,0.2224112256160945,0.2402960282781357
csp-lda,1,104,feet,feet,0.1027021410330461,0.2342940843333535,0.497232154523344,0.1657716201102562
csp-lda,1,105,right_hand,right_hand,0.235462545048165,0.4739939298127164,0.1423569207779519,0.1481866043611667
csp-lda,1,106,tongue,feet,0.0865524168697853,0.383506716193448,0.4033591246841697,0.1265817422525969
csp-lda,1,107,tongue,feet,0.1059990613210912,0.3207159283856793,0.39393100805683,0.1793540022363994
csp-lda,1,108,tongue,feet,0.1839884409639603,0.2558808352678908,0.3863828021544007,0.1737479216137483
csp-lda,1,109,right_hand,right_hand,0.1033953307569072,0.6419836184717543,0.1172870872325461,0.1373339635387923
csp-lda,1,110,left_hand,left_hand,0.4859074820683867,0.1174607677153051,0.2244018456454318,0.1722299045708762
csp-lda,1,111,feet,feet,0.2184288066096404,0.2700331501583536,0.3692932972216675,0.1422447460103383
csp-lda,1,112,right_hand,left_hand,0.3590659701961643,0.3443899723067536,0.137414504951669,0.159129552545413
csp-lda,1,113,tongue,right_hand,0.0869944768738551,0.4163777727117136,0.3488685023112382,0.1477592481031931
csp-lda,1,114,left_hand,feet,0.2347796769291901,0.1873153669855789,0.4404295776610921,0.1374753784241388
csp-lda,1,115,tongue,feet,0.2531033517155939,0.2396428936037356,0.4152599366406221,0.0919938180400485
csp-lda,1,116,feet,left_hand,0.3299781061052012,0.1598640719049396,0.3106629290134473,0.1994948929764116
csp-lda,1,117,right_hand,left_hand,0.2990528624595371,0.2753840693585128,0.2376666183093875,0.1878964498725625
csp-lda,1,118,tongue,feet,0.185242157070364,0.1284213553992459,0.5202731705931444,0.1660633169372455
csp-lda,1,119,tongue,right_hand,0.1085667948021956,0.4923236029408674,0.2885958787038558,0.110513723553081
csp-lda,1,120,left_hand,left_hand,0.5380968648003865,0.075069061963772,0.2584308458450333,0.1284032273908081
csp-lda,1,121,right_hand,right_hand,0.2564465259398675,0.3705471182391583,0.1905885911913208,0.1824177646296532
csp-lda,1,122,right_hand,right_hand,0.311194486485414,0.4039805156416634,0.1052204510364319,0.1796045468364905
csp-lda,1,123,feet,left_hand,0.5734310961739907,0.0523884590493037,0.2213702800979984,0.1528101646787071
csp-lda,1,124,tongue,feet,0.1980665007313767,0.2571817852181781,0.3532646085291855,0.1914871055212596
csp-lda,1,125,right_hand,right_hand,0.2071650793720214,0.4740569785055702,0.1328555713043718,0.1859223708180364
csp-lda,1,126,left_hand,left_hand,0.4242929027664408,0.1818719819326252,0.2397269266661098,0.1541081886348242
csp-lda,1,127,left_hand,left_hand,0.411616168219293,0.0879961583810661,0.314138425934239,0.1862492474654017
csp-lda,1,128,tongue,feet,0.1511247995838567,0.3054275595503909,0.3575695441945901,0.1858780966711621
csp-lda,1,129,right_hand,right_hand,0.2069780064948855,0.5005912392841111,0.1170197934895699,0.1754109607314335
csp-lda,1,130,left_hand,left_hand,0.333407234315788,0.3111535688035147,0.1636663593142219,0.1917728375664753
csp-lda,1,131,feet,feet,0.2573385486525972,0.2271017394747344,0.3349759091645624,0.1805838027081061
csp-lda,1,132,right_hand,right_hand,0.2941393610076646,0.4089905927129681,0.0799028321640463,0.2169672141153209
csp-lda,1,133,right_hand,right_hand,0.1272051762424106,0.6910410261438661,0.0761294254505332,0.1056243721631902
csp-lda,1,134,feet,feet,0.2344129210538158,0.2278911784583485,0.3514966327026127,0.1861992677852228
csp-lda,1,135,left_hand,feet,0.279139023503237,0.1592550437518586,0.4170014679293791,0.1446044648155252
csp-lda,1,136,tongue,feet,0.0987005016491086,0.2711811738810256,0.4901285878134436,0.1399897366564221
csp-lda,1,137,feet,right_hand,0.1112916152970806,0.4877259480963259,0.2974544758384045,0.1035279607681888
csp-lda,1,138,feet,right_hand,0.1097048665380858,0.5122722304737347,0.1729405850671888,0.2050823179209905
csp-lda,1,139,feet,feet,0.1493634989896964,0.1891486399776661,0.4665990225500911,0.1948888384825463
csp-lda,1,140,feet,right_hand,0.2018087062692447,0.3057968101506253,0.2711069823465175,0.2212875012336125
csp-lda,1,141,left_hand,left_hand,0.5067226503488286,0.0727240771553617,0.2478233315740775,0.1727299409217322
csp-lda,1,142,right_hand,right_hand,0.3090322876383055,0.467497483087921,0.0733727927698582,0.1500974365039153
csp-lda,1,143,left_hand,left_hand,0.5935622644507142,0.0406327472463695,0.2274042816925906,0.1384007066103255
csp-lda,1,144,right_hand,left_hand,0.4958184827893014,0.2262022263302079,0.0750555390899781,0.2029237517905124
csp-lda,1,145,left_hand,left_hand,0.3673313278974413,0.2310892994478703,0.180263856987341,0.2213155156673473
csp-lda,1,146,left_hand,left_hand,0.458696656556546,0.2610414227055548,0.0754783059114264,0.2047836148264726
csp-lda,1,147,feet,right_hand,0.1065939438705822,0.3644288062157944,0.3641433990408669,0.1648338508727563
csp-lda,1,148,feet,right_hand,0.0752298056433903,0.4138892483507992,0.3909748856024285,0.1199060604033818
csp-lda,1,149,right_hand,right_hand,0.3548099571215715,0.365116895927851,0.1236959552044961,0.1563771917460813
csp-lda,1,150,feet,right_hand,0.1455817049562135,0.3688363867192456,0.2497951339765876,0.2357867743479533
csp-lda,1,151,tongue,feet,0.2213010836526856,0.2115359017940801,0.3579084339930471,0.2092545805601869
csp-lda,1,152,left_hand,left_hand,0.5109979420343138,0.1591034836881809,0.1353294086647981,0.1945691656127071
csp-lda,1,153,tongue,feet,0.248526903917935,0.2643553611849386,0.2721733505148708,0.2149443843822556
csp-lda,1,154,left_hand,left_hand,0.4310331051708426,0.2307212628289252,0.1699054010464935,0.1683402309537386
csp-lda,1,155,left_hand,left_hand,0.3906482408114172,0.2512602752438174,0.1551727762179959,0.2029187077267694
csp-lda,1,156,right_hand,right_hand,0.0612886370859879,0.7819254679655655,0.0850300341902156,0.0717558607582308
csp-lda,1,157,tongue,feet,0.2093267496397269,0.308504095529871,0.3730900286926036,0.1090791261377984
csp-lda,1,158,feet,right_hand,0.082621967358298,0.4612393751649445,0.3449579497365673,0.1111807077401901
csp-lda,1,159,right_hand,right_hand,0.293642350022147,0.423024292371395,0.117588026082293,0.1657453315241647
csp-lda,1,160,tongue,feet,0.1691239122230814,0.3050286581637121,0.3566601244015951,0.1691873052116112
csp-lda,1,161,feet,right_hand,0.1624709010921452,0.3589860936420374,0.233963571781376,0.2445794334844413
csp-lda,1,162,tongue,feet,0.1591039658143737,0.2772501323461175,0.3782737784051587,0.1853721234343502
csp-lda,1,163,feet,right_hand,0.2650471735050058,0.2889794101387904,0.2219270202668015,0.2240463960894023
csp-lda,1,164,tongue,feet,0.122442858267337,0.3260100629083297,0.4054897629379659,0.1460573158863672
csp-lda,1,165,right_hand,right_hand,0.2098893688100971,0.5077379343985939,0.0955507791272122,0.1868219176640967
csp-lda,1,166,right_hand,right_hand,0.0394866247186746,0.7468965991707811,0.0778919459781581,0.1357248301323862
csp-lda,1,167,tongue,left_hand,0.6152209134866725,0.0555860195593935,0.1272695770123078,0.2019234899416262
csp-lda,1,168,left_hand,feet,0.3032139493558125,0.1908853224142676,0.3373364583256753,0.1685642699042444
csp-lda,1,169,right_hand,right_hand,0.2804067758229927,0.4328514167831753,0.1326716079338486,0.1540701994599832
csp-lda,1,170,right_hand,right_hand,0.1377864197963526,0.6923606291381014,0.0577723623901324,0.1120805886754135
csp-lda,1,171,right_hand,right_hand,0.3031386181114432,0.3873038856149277,0.0924489361612018,0.2171085601124272
csp-lda,1,172,feet,feet,0.2193348797442872,0.1465341189666747,0.4489268148170586,0.1852041864719793
csp-lda,1,173,tongue,right_hand,0.24217081253854,0.3605331395258661,0.157820178346375,0.2394758695892189
csp-lda,1,174,left_hand,feet,0.2922921427020097,0.2358855941741137,0.3463691781335248,0.1254530849903516
csp-lda,1,175,tongue,feet,0.1455691666769448,0.2271686311325873,0.4430681054836031,0.1841940967068646
csp-lda,1,176,left_hand,left_hand,0.3757685416888968,0.3745821677823954,0.0819954279269402,0.1676538626017674
csp-lda,1,177,feet,right_hand,0.0371311217143758,0.6689284394676905,0.1876652436811113,0.1062751951368223
csp-lda,1,178,left_hand,right_hand,0.2710667164332143,0.3772987305286421,0.1311272345242235,0.2205073185139199
csp-lda,1,179,tongue,right_hand,0.0848090504645331,0.4231876202692319,0.3434665178252289,0.148536811441006
csp-lda,1,180,left_hand,right_hand,0.2864376960859529,0.3993248895120498,0.1640992376951017,0.1501381767068956
csp-lda,1,181,feet,feet,0.1017476590108245,0.2969169443946717,0.4333159094927316,0.168019487101772
csp-lda,1,182,left_hand,left_hand,0.4265347889269513,0.2624396321763266,0.0826068248562462,0.2284187540404758
csp-lda,1,183,right_hand,right_hand,0.0867473891574131,0.6844800650422007,0.1160539812017335,0.1127185645986528
csp-lda,1,184,feet,feet,0.1174486153780264,0.1809251257335818,0.5206629035385284,0.1809633553498633
csp-lda,1,185,feet,right_hand,0.0863155569474161,0.4937818642873768,0.253159280179462,0.1667432985857447
csp-lda,1,186,tongue,feet,0.0872281157147349,0.2316023822663591,0.5419633957116576,0.1392061063072484
csp-lda,1,187,left_hand,left_hand,0.3528300093797411,0.2559187905778326,0.223281915981365,0.1679692840610611
csp-lda,1,188,right_hand,right_hand,0.0726036851041493,0.7463551901082474,0.0742525819380424,0.1067885428495607
csp-lda,1,189,tongue,feet,0.1493746586992167,0.3269652604120142,0.3814554864622899,0.1422045944264792
csp-lda,1,190,right_hand,right_hand,0.1897263904039205,0.5057409947350419,0.1150505499119823,0.1894820649490552
csp-lda,1,191,feet,left_hand,0.3100222132798838,0.2428009423050203,0.2193741507993879,0.2278026936157079
csp-lda,1,192,feet,right_hand,0.0974780660617514,0.4384410761713362,0.2902955962477584,0.173785261519154
csp-lda,1,193,left_hand,left_hand,0.4178771142424548,0.2710966395606584,0.1219876208856903,0.1890386253111966
csp-lda,1,194,tongue,right_hand,0.0514074524354447,0.5041673270142265,0.3338730330526007,0.110552187497728
csp-lda,1,195,right_hand,right_hand,0.2011817725433993,0.4798267528109001,0.1025814354289751,0.2164100392167254
csp-lda,1,196,tongue,right_hand,0.0896596463480065,0.3847114095058972,0.3733936231635827,0.1522353209825135
csp-lda,1,197,left_hand,left_hand,0.4857171017093273,0.1955947650018171,0.1213610268623064,0.1973271064265492
csp-lda,1,198,left_hand,left_hand,0.376868012216482,0.2921630101172874,0.1115642548275981,0.2194047228386324
csp-lda,1,199,feet,feet,0.1467137565831085,0.2408865842449678,0.3952951485804589,0.2171045105914648
csp-lda,1,200,feet,feet,0.0861666117793796,0.3165005655686511,0.3900520027200556,0.2072808199319134
csp-lda,1,201,right_hand,right_hand,0.1527936014873533,0.5326841743806884,0.1540849872371385,0.1604372368948197
csp-lda,1,202,tongue,feet,0.1586304078239289,0.3068419124557502,0.3508154545540877,0.1837122251662331
csp-lda,1,203,right_hand,right_hand,0.1219647391136321,0.6741536718881384,0.0800726445115011,0.1238089444867284
csp-lda,1,204,right_hand,right_hand,0.0276359178032031,0.8484996111200238,0.0731639097819135,0.0507005612948592
csp-lda,1,205,left_hand,left_hand,0.5508509703927594,0.076516246554203,0.1653795684031788,0.2072532146498586
csp-lda,1,206,right_hand,right_hand,0.0267374047581327,0.8506594622606576,0.0665555033833606,0.0560476295978488
csp-lda,1,207,tongue,right_hand,0.1292508919992864,0.6402086301422308,0.1144029696785688,0.1161375081799139
csp-lda,1,208,tongue,right_hand,0.120194258037932,0.4630538993089336,0.2800485573242347,0.1367032853288995
csp-lda,1,209,right_hand,right_hand,0.0586043277090866,0.6170406031118393,0.2140798288758248,0.1102752403032491
csp-lda,1,210,right_hand,right_hand,0.1673625575259973,0.4546996121100617,0.200007846429788,0.1779299839341528
csp-lda,1,211,right_hand,right_hand,0.2459035504657187,0.47339398089931,0.0992501679137763,0.1814523007211949
csp-lda,1,212,right_hand,right_hand,0.2057838515715488,0.5338190329645086,0.0824772773199948,0.1779198381439476
csp-lda,1,213,tongue,feet,0.1393902039483514,0.1636341747601688,0.5281534023284367,0.168822218963043
csp-lda,1,214,tongue,feet,0.2219765243341478,0.2365836951655124,0.3022016939797315,0.2392380865206081
csp-lda,1,215,feet,right_hand,0.0842703848469833,0.4450520783775408,0.3289607441237548,0.1417167926517209
csp-lda,1,216,tongue,right_hand,0.1501091770171922,0.4696744040141374,0.2124762200723094,0.1677401988963607
csp-lda,1,217,left_hand,right_hand,0.2570947097856341,0.3440996893722172,0.2025543388264982,0.1962512620156505
csp-lda,1,218,right_hand,right_hand,0.0996380873217953,0.5278180629132165,0.1768252158502376,0.1957186339147506
csp-lda,1,219,feet,feet,0.2949010665049974,0.1096497944323868,0.4589328820843435,0.1365162569782723
csp-lda,1,220,right_hand,right_hand,0.1892221910026454,0.5314308209701004,0.1001195194964208,0.1792274685308333
csp-lda,1,221,left_hand,left_hand,0.5704129887345153,0.0917821265165455,0.1338730087759118,0.2039318759730273
csp-lda,1,222,tongue,right_hand,0.085882289000273,0.5234377184393002,0.2063901850636171,0.1842898074968096
csp-lda,1,223,left_hand,left_hand,0.4616891577176574,0.1248900336834865,0.209510706906835,0.203910101692021
csp-lda,1,224,tongue,feet,0.1090082447844697,0.2470100686673539,0.4862139052562659,0.1577677812919104
csp-lda,1,225,left_hand,left_hand,0.7440626528661275,0.0496312623348889,0.0900749825017437,0.1162311022972397
csp-lda,1,226,left_hand,left_hand,0.5822325214479245,0.1541851751933172,0.0818036834404331,0.1817786199183252
csp-lda,1,227,left_hand,left_hand,0.3543500169692214,0.2220904582360485,0.2182391070561899,0.2053204177385403
csp-lda,1,228,left_hand,left_hand,0.5483187356906429,0.1108440514769318,0.154003829173209,0.1868333836592162
csp-lda,1,229,feet,right_hand,0.0232143050325343,0.8567764197611203,0.0709059146512618,0.0491033605550835
csp-lda,1,230,feet,right_hand,0.162375925312973,0.3753682885583785,0.2660933974720023,0.1961623886566463
csp-lda,1,231,tongue,feet,0.1400180815214301,0.1981937050659837,0.5463756461086725,0.1154125673039135
csp-lda,1,232,right_hand,right_hand,0.3127590795197934,0.3982404984025326,0.1033614009433729,0.1856390211343008
csp-lda,1,233,feet,left_hand,0.3093898062614871,0.2420323689840986,0.2169225038457815,0.2316553209086328
csp-lda,1,234,feet,left_hand,0.2828226022847993,0.27097604389481,0.1966972101703258,0.2495041436500648
csp-lda,1,235,feet,left_hand,0.3640606256953976,0.1879588101225396,0.2617400050731205,0.1862405591089422
csp-lda,1,236,tongue,feet,0.1269974616683113,0.2304682683304189,0.5180706784221123,0.1244635915791574
csp-lda,1,237,feet,right_hand,0.1652676630864075,0.5464859160734057,0.1596947289810249,0.1285516918591619
csp-lda,1,238,left_hand,right_hand,0.35745928533352,0.3924276713076414,0.1129811228395534,0.1371319205192853
csp-lda,1,239,feet,feet,0.2280481786973843,0.1586847498172036,0.4197033526322978,0.193563718853114
csp-lda,1,240,left_hand,left_hand,0.4139392005783334,0.2729780091371187,0.1201867071825275,0.1928960831020202
csp-lda,1,241,tongue,right_hand,0.0831941410939918,0.4218959321157131,0.3309498738881399,0.163960052902155
csp-lda,1,242,right_hand,right_hand,0.1378032685220649,0.6018245782162865,0.0853966773648029,0.1749754758968454
csp-lda,1,243,tongue,feet,0.115314500522838,0.1995466234383287,0.5049497935683928,0.1801890824704404
csp-lda,1,244,tongue,left_hand,0.3506338482495315,0.2337958846852556,0.2231990127324925,0.1923712543327204
csp-lda,1,245,feet,right_hand,0.1414510155251607,0.3477485849003281,0.3251606857336204,0.1856397138408906
csp-lda,1,246,tongue,feet,0.0991303003936513,0.3356571642060243,0.3580075590915659,0.2072049763087583
csp-lda,1,247,tongue,right_hand,0.0878667403354721,0.3945026873780204,0.3624055260893847,0.1552250461971228
csp-lda,1,248,feet,right_hand,0.1241239518014723,0.4693231938223948,0.2766683973440838,0.1298844570320489
csp-lda,1,249,right_hand,right_hand,0.3002242866713195,0.4092756319234885,0.090370747692776,0.200129333712416
csp-lda,1,250,tongue,feet,0.0978312588543057,0.2919481473916611,0.4176999811459986,0.1925206126080345
csp-lda,1,251,feet,right_hand,0.2588689849533545,0.298010523716292,0.2666215299971239,0.1764989613332295
csp-lda,1,252,left_hand,left_hand,0.3498304756509636,0.2882145649447781,0.1627452019655615,0.1992097574386968
csp-lda,1,253,right_hand,right_hand,0.2272968755066757,0.5232373919733415,0.0985575325332768,0.1509081999867059
csp-lda,1,254,right_hand,right_hand,0.1939763890667056,0.5406162876795397,0.1108738885289949,0.1545334347247597
csp-lda,1,255,right_hand,right_hand,0.1647812260886369,0.6069454156175385,0.0796120441242376,0.148661314169587
csp-lda,1,256,feet,feet,0.2115750947792948,0.1672357102362185,0.4423299256966509,0.1788592692878357
csp-lda,1,257,right_hand,right_hand,0.3435357381110228,0.3563660871045734,0.0990174620749364,0.2010807127094672
csp-lda,1,258,tongue,feet,0.174685258237047,0.2951040896367278,0.3371883860103754,0.1930222661158497
csp-lda,1,259,feet,feet,0.1648360101640222,0.1909594700183021,0.4153018214540103,0.2289026983636653
csp-lda,1,260,tongue,left_hand,0.3543992199103604,0.1025921109973388,0.3437817677792735,0.1992269013130272
csp-lda,1,261,right_hand,right_hand,0.2745232474613576,0.4177423030678454,0.1171509337116051,0.1905835157591918
csp-lda,1,262,feet,left_hand,0.2889150002643956,0.2744846969570156,0.2287312314328174,0.2078690713457712
csp-lda,1,263,left_hand,left_hand,0.5798122800530178,0.1445563898352675,0.1055957602564527,0.1700355698552618
csp-lda,1,264,tongue,right_hand,0.2581085523530617,0.3635965258775308,0.1860260944997673,0.1922688272696401
csp-lda,1,265,left_hand,left_hand,0.4281530594864165,0.24196059062113,0.1180133503815027,0.2118729995109508
csp-lda,1,266,feet,feet,0.1547691892201689,0.3316543707353803,0.3466561933416547,0.1669202467027959
csp-lda,1,267,tongue,right_hand,0.0878037698245012,0.4936230332786583,0.2820844245592729,0.1364887723375674
csp-lda,1,268,left_hand,left_hand,0.4068572424314991,0.1681454423447866,0.2210073824790966,0.2039899327446174
csp-lda,1,269,feet,feet,0.0537724123535234,0.320967788070659,0.4349639976728302,0.1902958019029872
csp-lda,1,270,left_hand,right_hand,0.386569657630479,0.3991512427323969,0.0646079143101126,0.1496711853270115
csp-lda,1,271,right_hand,right_hand,0.1472678151243581,0.4037340477496275,0.1640770122180219,0.2849211249079925
csp-lda,1,272,right_hand,right_hand,0.1272761072401826,0.6009432139243357,0.0966042298109641,0.1751764490245175
csp-lda,1,273,left_hand,left_hand,0.3927441543925671,0.1132903834346587,0.28472918877197,0.2092362734008041
csp-lda,1,274,tongue,right_hand,0.0674495892997597,0.5549942180718853,0.2708165353622008,0.1067396572661541
csp-lda,1,275,left_hand,left_hand,0.4594042882730754,0.1517648079786467,0.1724184760913999,0.2164124276568778
csp-lda,1,276,tongue,right_hand,0.2353049019354357,0.3359547457593368,0.2249662007001862,0.2037741516050411
csp-lda,1,277,feet,feet,0.1840999765119347,0.1893902781259872,0.5315317483944675,0.0949779969676105
csp-lda,1,278,feet,right_hand,0.1861394591787641,0.4623588133165752,0.1937545124350875,0.1577472150695731
csp-lda,1,279,left_hand,right_hand,0.1236659165046391,0.5571402829743888,0.1832370184815131,0.1359567820394589
csp-lda,1,280,feet,right_hand,0.2599298142652657,0.2724726930158579,0.2646820819541662,0.2029154107647102
csp-lda,1,281,right_hand,right_hand,0.2792120780453573,0.4221849372124621,0.1177303437805813,0.1808726409615991
csp-lda,1,282,right_hand,right_hand,0.0954123106119489,0.636905437655154,0.1434663211670098,0.1242159305658871
csp-lda,1,283,left_hand,left_hand,0.4341010539459792,0.2385979784312429,0.140648490905799,0.1866524767169787
csp-lda,1,284,feet,feet,0.2139762206018264,0.278566940253895,0.3247250527618532,0.1827317863824254
csp-lda,1,285,left_hand,right_hand,0.2845665510841691,0.2990610382429156,0.2296568175176509,0.1867155931552644
csp-lda,1,286,right_hand,right_hand,0.1203133795530533,0.5850455247676121,0.1363032152001772,0.1583378804791572
csp-lda,1,287,left_hand,left_hand,0.4445002989964347,0.2104957655215089,0.1584085510754936,0.1865953844065627
csp-lda,2,0,left_hand,right_hand,0.1286685435992968,0.4417412783524013,0.1912178226664992,0.2383723553818025
csp-lda,2,1,right_hand,right_hand,0.0774650194270532,0.5308741004719332,0.2051207504774751,0.1865401296235385
csp-lda,2,2,right_hand,right_hand,0.1033712793845157,0.4484894694814742,0.2530386789318319,0.1951005722021781
csp-lda,2,3,left_hand,right_hand,0.0541019967070165,0.6064620266918518,0.1660787211064016,0.1733572554947301
csp-lda,2,4,right_hand,right_hand,0.0540435377423916,0.4862638743789486,0.2318823352982405,0.2278102525804192
csp-lda,2,5,left_hand,right_hand,0.0898130692247059,0.5356932576006099,0.1651252001287211,0.2093684730459631
csp-lda,2,6,right_hand,feet,0.1228479242669725,0.261137237550519,0.3799817006144502,0.2360331375680582
csp-lda,2,7,feet,right_hand,0.2278101814631957,0.2890008352652595,0.254470822584533,0.2287181606870117
csp-lda,2,8,right_hand,right_hand,0.0744433681895202,0.3268020259249237,0.2790951461367447,0.3196594597488113
csp-lda,2,9,tongue,right_hand,0.0729111174576672,0.5486923168572847,0.1672983442381317,0.2110982214469162
csp-lda,2,10,left_hand,right_hand,0.1728475709506515,0.3416190240884593,0.2534137770485175,0.2321196279123716
csp-lda,2,11,feet,right_hand,0.1469203931598729,0.4872660846605042,0.1692802518426668,0.196533270336956
csp-lda,2,12,right_hand,right_hand,0.1588834947129465,0.3630604838378756,0.2408511538247022,0.2372048676244754
csp-lda,2,13,left_hand,feet,0.273939076289968,0.1938187586752016,0.29384108833654,0.2384010766982901
csp-lda,2,14,tongue,tongue,0.1877768640230286,0.2720711133345649,0.2401968972146374,0.2999551254277691
csp-lda,2,15,tongue,right_hand,0.0944782460171841,0.4404994802390254,0.1865959332143446,0.2784263405294457
csp-lda,2,16,tongue,tongue,0.1056778589250479,0.2617246403329191,0.2890020852454947,0.3435954154965384
csp-lda,2,17,tongue,right_hand,0.0473853793833426,0.5697111723839674,0.0849355282045618,0.2979679200281281
csp-lda,2,18,tongue,right_hand,0.1228895650288439,0.403594477661705,0.197736978702845,0.275778978606606
csp-lda,2,19,left_hand,right_hand,0.0867495034407749,0.5131699521470459,0.1864268274884372,0.2136537169237419
csp-lda,2,20,feet,feet,0.0887939923866799,0.2945224043357434,0.3483791933520915,0.2683044099254849
csp-lda,2,21,right_hand,right_hand,0.1742999846485874,0.3196643826602794,0.2892352295359956,0.2168004031551373
csp-lda,2,22,left_hand,right_hand,0.1410743667871141,0.4955881530780435,0.1335732942073514,0.2297641859274909
csp-lda,2,23,left_hand,right_hand,0.1282310539757216,0.4379056627962486,0.1585376292989148,0.275325653929115
csp-lda,2,24,feet,right_hand,0.1171018198646793,0.4983327433907574,0.1633496038991781,0.2212158328453851
csp-lda,2,25,tongue,right_hand,0.0742906402910338,0.6385173464813408,0.0920600627792423,0.1951319504483831
csp-lda,2,26,left_hand,right_hand,0.0592360700797458,0.5996515276852526,0.1273933297604484,0.2137190724745531
csp-lda,2,27,feet,right_hand,0.0893648623069355,0.3714097348499527,0.3008658617112694,0.2383595411318421
csp-lda,2,28,feet,right_hand,0.0650461953811748,0.5553384616985848,0.1595107889588667,0.2201045539613736
csp-lda,2,29,feet,right_hand,0.0283874267408153,0.732318826222666,0.0835480375776601,0.1557457094588585
csp-lda,2,30,left_hand,right_hand,0.0927557223580817,0.4657352969426725,0.1642470755049808,0.2772619051942649
csp-lda,2,31,right_hand,right_hand,0.0772352385635532,0.4329555636884295,0.2505331280155137,0.2392760697325036
csp-lda,2,32,left_hand,right_hand,0.0659638307636544,0.5701941735879387,0.1309492614003579,0.232892734248049
csp-lda,2,33,right_hand,feet,0.1406069956105755,0.286712925559722,0.3045792716501626,0.2681008071795397
csp-lda,2,34,right_hand,right_hand,0.0640618336928673,0.4559606979067536,0.2495506596843433,0.2304268087160356
csp-lda,2,35,left_hand,right_hand,0.0988710959314028,0.4713158272345409,0.2027810406523853,0.2270320361816708
csp-lda,2,36,right_hand,right_hand,0.0473023193561849,0.4752827588323915,0.1937727634365494,0.283642158374874
csp-lda,2,37,feet,right_hand,0.0415394083784665,0.534621907769339,0.1510916636378507,0.2727470202143435
csp-lda,2,38,right_hand,feet,0.2138359191394459,0.1303597655277556,0.3524274003495918,0.3033769149832064
csp-lda,2,39,feet,right_hand,0.204399390978468,0.3412386943422135,0.144438855825511,0.3099230588538074
csp-lda,2,40,feet,right_hand,0.1059047340772674,0.4742981700827918,0.201387822559773,0.2184092732801678
csp-lda,2,41,tongue,tongue,0.1579421358256994,0.2734945930325231,0.2584191389557805,0.310144132185997
csp-lda,2,42,feet,right_hand,0.1356344174041377,0.3377007219034623,0.2134088115772358,0.313256049115164
csp-lda,2,43,feet,right_hand,0.11426027330094,0.3202306470882114,0.3013525565870238,0.2641565230238246
csp-lda,2,44,tongue,right_hand,0.1156839636936196,0.468275768330073,0.1894284538137537,0.2266118141625535
csp-lda,2,45,tongue,feet,0.0890164789172617,0.1716846571944829,0.4504845406544165,0.2888143232338389
csp-lda,2,46,tongue,right_hand,0.0428750523146969,0.5286357253589379,0.1925265701112832,0.2359626522150819
csp-lda,2,47,tongue,right_hand,0.0353982449837683,0.624110602587197,0.0614609024462599,0.2790302499827747
csp-lda,2,48,tongue,right_hand,0.1136500666139779,0.3905967059761214,0.2605816914418412,0.2351715359680594
csp-lda,2,49,feet,feet,0.1290116520025331,0.2628293558635417,0.3471528331028934,0.2610061590310316
csp-lda,2,50,right_hand,right_hand,0.0444845513615297,0.7952043213129323,0.0654228509629128,0.0948882763626251
csp-lda,2,51,left_hand,right_hand,0.1236801083544884,0.4160908083163931,0.2302795867878889,0.2299494965412294
csp-lda,2,52,left_hand,right_hand,0.1591641400453007,0.4556548414436954,0.1491956451795711,0.2359853733314328
csp-lda,2,53,right_hand,right_hand,0.1086953436167744,0.423567010425711,0.2289007761756571,0.2388368697818574
csp-lda,2,54,feet,right_hand,0.1221058084540524,0.4606060775479318,0.2143672224170897,0.202920891580926
csp-lda,2,55,tongue,right_hand,0.0821714275888177,0.5669180081227903,0.1448421019296065,0.2060684623587856
csp-lda,2,56,right_hand,feet,0.2698325583579908,0.1976941527443876,0.3195304371380602,0.2129428517595612
csp-lda,2,57,feet,right_hand,0.1102384190650897,0.4259413389473372,0.2436158176277861,0.2202044243597868
csp-lda,2,58,left_hand,feet,0.082994770210597,0.2565126519560961,0.4620086363614273,0.1984839414718796
csp-lda,2,59,left_hand,right_hand,0.0316113544603825,0.4222022955710311,0.3282628103171262,0.2179235396514601
csp-lda,2,60,left_hand,right_hand,0.0232402661804108,0.7157062519176758,0.0996845414623225,0.161368940439591
csp-lda,2,61,tongue,right_hand,0.1019818775795395,0.3312563396949928,0.2828904276005349,0.2838713551249327
csp-lda,2,62,right_hand,right_hand,0.0792918109107173,0.39410434330548,0.3063733624534843,0.2202304833303183
csp-lda,2,63,right_hand,right_hand,0.0295291965082922,0.6680979786749931,0.1158086882814789,0.1865641365352356
csp-lda,2,64,left_hand,feet,0.112578976285863,0.2828454945477089,0.318250391492751,0.2863251376736772
csp-lda,2,65,left_hand,right_hand,0.1722363564224651,0.3517706006589685,0.1853477111709776,0.2906453317475887
csp-lda,2,66,feet,right_hand,0.0997595897094257,0.5176581146317482,0.1538626150826411,0.2287196805761849
csp-lda,2,67,left_hand,feet,0.1540428095453041,0.2039575846921258,0.36448723566829,0.27751237009428
csp-lda,2,68,right_hand,right_hand,0.1081037906176903,0.5628643936008868,0.1501956427764032,0.1788361730050195
csp-lda,2,69,tongue,right_hand,0.0900489982608531,0.4409992308714688,0.1564635229495358,0.3124882479181423
csp-lda,2,70,tongue,right_hand,0.1654333677599931,0.3063748163814047,0.2389461078206441,0.289245708037958
csp-lda,2,71,feet,right_hand,0.1287775312739108,0.4505368966422612,0.1273707059522374,0.2933148661315905
csp-lda,2,72,left_hand,right_hand,0.1174681193284349,0.5777780568336656,0.0847257913732682,0.2200280324646313
csp-lda,2,73,tongue,right_hand,0.0882407188485342,0.3988425149122813,0.3167338390389069,0.1961829272002774
csp-lda,2,74,tongue,feet,0.2052257366711303,0.279206882844226,0.2812588728013474,0.2343085076832962
csp-lda,2,75,right_hand,right_hand,0.0830457066078805,0.4248754432440814,0.2352355838161438,0.2568432663318942
csp-lda,2,76,tongue,right_hand,0.1593723010153814,0.4243139649446388,0.1484887122135234,0.2678250218264563
csp-lda,2,77,tongue,right_hand,0.1014506057472399,0.4473733412103594,0.2164190919823165,0.2347569610600841
csp-lda,2,78,right_hand,feet,0.0880698367101844,0.3200430743977091,0.3499852985803585,0.2419017903117477
csp-lda,2,79,left_hand,feet,0.1154399102877612,0.2746732787642787,0.4079988097783839,0.2018880011695763
csp-lda,2,80,right_hand,right_hand,0.225599461894275,0.291668362263739,0.238042906654582,0.244689269187404
csp-lda,2,81,feet,right_hand,0.0990973291385299,0.5400904863625466,0.1257696722430522,0.2350425122558712
csp-lda,2,82,feet,right_hand,0.2418034259169509,0.3689017370209455,0.1487838720394221,0.2405109650226816
csp-lda,2,83,feet,right_hand,0.1033036632953214,0.5033000599200996,0.1494544586631743,0.2439418181214045
csp-lda,2,84,tongue,right_hand,0.152416315579393,0.3431132465962579,0.2357836111728557,0.2686868266514933
csp-lda,2,85,feet,right_hand,0.0662998061870685,0.513607362269313,0.2197818924157733,0.2003109391278451
