subject,trial,y_true,y_pred,proba_left_hand,proba_right_hand,proba_feet,proba_tongue
1,0,left_hand,left_hand,0.7593642355895321,0.001032124459132,0.1769544346203428,0.0626492053309929
1,1,right_hand,right_hand,0.0003791494583372,0.996466969061628,0.0029855007124575,0.0001683807675768
1,2,right_hand,right_hand,0.2438375095731337,0.6565623548915364,0.0961927788217659,0.003407356713564
1,3,left_hand,left_hand,0.9938580965237264,0.0006972142980019,0.0048178482608214,0.0006268409174499
1,4,right_hand,right_hand,0.0777927523215702,0.9167602839593384,0.0054416688214246,5.294897666771754e-06
1,5,left_hand,left_hand,0.9956335020897816,1.722481438324272e-05,0.0036014238844354,0.0007478492113998
1,6,right_hand,right_hand,0.001483871860789,0.9975541708539454,0.0009598538726948,2.103412570738808e-06
1,7,feet,tongue,2.541250675554604e-05,1.2773857408242151e-06,0.1531611756720726,0.8468121344354311
1,8,right_hand,right_hand,0.001144794741092,0.9913438582449268,0.0074850233886801,2.632362530091643e-05
1,9,tongue,tongue,1.6030589938129102e-06,3.0666353537491e-08,0.3952464891715208,0.6047518771031319
1,10,left_hand,left_hand,0.989138296957831,0.0055974542615694,0.0052435678267066,2.06809538927996e-05
1,11,feet,tongue,8.511148808259935e-06,2.3727100606900776e-06,0.2629777369850221,0.7370113791561088
1,12,right_hand,right_hand,0.0003179528835997,0.9961567035356396,0.0034705898428743,5.475373788622813e-05
1,13,left_hand,feet,0.2072260378711062,4.180874822992951e-05,0.4444844125404779,0.3482477408401859
1,14,tongue,tongue,4.158627625962121e-06,3.67003037725377e-06,0.0122696642653984,0.9877225070765984
1,15,tongue,tongue,2.653350902918473e-06,7.245326960136645e-08,0.0450643853526131,0.9549328888432144
1,16,tongue,feet,0.0007291433541917,7.995658122299305e-06,0.5639402770209591,0.4353225839667268
1,17,tongue,tongue,0.000177640811423,6.00856168765474e-06,0.0898295747573415,0.9099867758695476
1,18,tongue,tongue,2.4209226196803287e-05,7.38249087719017e-06,0.190940281082724,0.8090281272002019
1,19,left_hand,left_hand,0.9638100391776842,0.0012548821758115,0.0246300914876899,0.0103049871588144
1,20,feet,feet,0.0075878372800906,9.68184663583251e-05,0.9761729192262522,0.0161424250272986
1,21,right_hand,right_hand,0.0026576283072507,0.990307935060462,0.0070071746597191,2.726197256797991e-05
1,22,left_hand,left_hand,0.9829110211585698,0.0001338795096618,0.0120540951452851,0.0049010041864832
1,23,left_hand,feet,0.3230778094077448,0.0010203731249554,0.623556167203331,0.0523456502639688
1,24,feet,tongue,2.6523554840324537e-05,2.884539876323141e-07,0.4403118526880359,0.5596613353031361
1,25,tongue,tongue,0.0044926651090849,4.942682507076262e-06,0.0788457835162209,0.916656608692187
1,26,left_hand,left_hand,0.9109379927268364,0.0872009876478422,0.0015924017716589,0.0002686178536622
1,27,feet,feet,0.0032291151641498,0.0003194914223435,0.8800704155056162,0.1163809779078904
1,28,feet,tongue,0.0006437574519274,3.3233204568417055e-05,0.3744856888042864,0.6248373205392177
1,29,feet,feet,0.0068274834034426,4.427783895251165e-06,0.6754313309332362,0.3177367578794259
1,30,left_hand,left_hand,0.9751443124041508,0.0080354278262344,0.0148686617178898,0.001951598051725
1,31,right_hand,right_hand,0.0006192135496441,0.9975935303625834,0.0017526718756456,3.458421212669195e-05
1,32,left_hand,left_hand,0.9945226696658668,0.0015316199467675,0.0036678415410588,0.0002778688463068
1,33,right_hand,right_hand,0.0014347770812804,0.9979913406165684,0.0005735521112325,3.301909185450877e-07
1,34,right_hand,right_hand,0.0735137045014663,0.3854026103175693,0.3129442118979249,0.2281394732830395
1,35,left_hand,left_hand,0.4173173617246179,0.0012065164567423,0.2645164533602333,0.3169596684584065
1,36,right_hand,right_hand,0.0373872786951357,0.8998921797649659,0.0605720596121947,0.0021484819277036
1,37,feet,feet,0.000661697651972,6.634514934166844e-06,0.5826292655775863,0.4167024022555074
1,38,right_hand,right_hand,0.0068325640919631,0.9931669379912098,4.96762886558836e-07,1.1539404524624904e-09
1,39,feet,feet,0.0546155695988588,0.0002905545745802,0.7617550360213953,0.1833388398051655
1,40,feet,feet,0.0021192358850805,0.000123353247882,0.8947301051755621,0.1030273056914754
1,41,tongue,tongue,4.3997256326785934e-05,5.600318490116396e-06,0.0057028968104679,0.9942475056147152
1,42,feet,feet,0.0033894731876827,0.000170384888163,0.9017600489594982,0.0946800929646558
1,43,feet,left_hand,0.4802716396850945,0.0417604673631575,0.4512085844541177,0.0267593084976301
1,44,tongue,tongue,0.0728846378275257,0.0008759714976175,0.3865949595022155,0.5396444311726412
1,45,tongue,tongue,0.1854533759921131,0.002149677018069,0.0991305443963751,0.7132664025934426
1,46,tongue,feet,0.0027384784055121,1.2588259645574284e-05,0.9422791122449048,0.0549698210899373
1,47,tongue,feet,0.1967687446258975,0.0006951151052605,0.5673741253654683,0.2351620149033736
1,48,tongue,feet,0.0022710150227955,0.0002710985555154,0.921314871845278,0.0761430145764112
1,49,feet,feet,1.343661153672831e-06,5.589153620251551e-07,0.6438937534205791,0.3561043440029053
1,50,right_hand,right_hand,0.0310859783260759,0.9677305563422868,0.0011773349623752,6.130369261826377e-06
1,51,left_hand,right_hand,0.279576478613998,0.3186368589907111,0.310254577898317,0.0915320844969737
1,52,left_hand,left_hand,0.9120772724271098,9.588037919618308e-05,0.0620472100158912,0.0257796371778026
1,53,right_hand,right_hand,0.0066737192679726,0.9931540984151952,0.0001702121245739,1.970192258155981e-06
1,54,feet,feet,0.1641676094647046,0.0020036242536259,0.7715918818411057,0.0622368844405637
1,55,tongue,tongue,7.548747464708531e-05,4.588679093735505e-06,0.008582272804298,0.9913376510419613
1,56,right_hand,right_hand,0.0084890197340852,0.9914911889068272,1.963368761122286e-05,1.576714764020973e-07
1,57,feet,feet,0.0006169881089539,1.303854341430692e-05,0.6929658983744592,0.3064040749731724
1,58,left_hand,left_hand,0.7578463360214495,0.24179556980108,0.0003570838664533,1.0103110170022484e-06
1,59,left_hand,left_hand,0.9897807316205076,0.0079119282032793,0.0022234126821908,8.392749402233024e-05
1,60,left_hand,right_hand,0.0233754674958013,0.976165400530066,0.0003855681730517,7.356380108063856e-05
1,61,tongue,tongue,0.0044154743631542,0.0008123609473678,0.2671709670454011,0.7276011976440769
1,62,right_hand,right_hand,0.0267139229055313,0.9732733317537836,1.2676682239696755e-05,6.86584454537279e-08
1,63,right_hand,right_hand,0.0050933001521679,0.8293872280905419,0.1489033711504248,0.0166161006068653
1,64,left_hand,left_hand,0.9962072540177938,0.0034478057573978,0.0003302712019844,1.4669022824161584e-05
1,65,left_hand,left_hand,0.7867827695868904,0.0014390937733448,0.1872420500264809,0.0245360866132837
1,66,feet,feet,0.0059534658006567,0.0007549646136307,0.5231831892634085,0.4701083803223042
1,67,left_hand,left_hand,0.964563056170704,6.0721707445956624e-05,0.0205774851787641,0.0147987369430856
1,68,right_hand,feet,0.1778120020921134,0.0977037109094834,0.7208040832226034,0.0036802037757997
1,69,tongue,feet,0.0002849683133235,7.008439316567016e-05,0.6581955968051192,0.3414493504883916
1,70,tongue,tongue,5.265354891189114e-07,1.6343885765217238e-07,0.011326667158306,0.9886726428673474
1,71,feet,feet,6.075465378904581e-06,1.1158503217631005e-07,0.8598634755021454,0.1401303374474435
1,72,left_hand,left_hand,0.975003758810165,0.0212941741118036,0.0034054960165745,0.0002965710614567
1,73,tongue,tongue,0.0010812832576566,3.433184219484137e-05,0.4532445292475672,0.5456398556525813
1,74,tongue,tongue,0.001379699484084,0.0003169363714435,0.1948695043536524,0.80343385979082
1,75,right_hand,right_hand,0.1310534077562148,0.8688823006784399,6.426630548260933e-05,2.5259862518082883e-08
1,76,tongue,tongue,0.0006174747029578,2.0287302796624218e-05,0.2998456966022238,0.6995165413920218
1,77,tongue,feet,0.0021887399101939,0.000531923786848,0.81678145592145,0.1804978803815078
1,78,right_hand,right_hand,0.0032125514406311,0.996764851865494,2.258254574360831e-05,1.4148131192785092e-08
1,79,left_hand,left_hand,0.8019246640267674,0.1933725995359466,0.0045019404635562,0.0002007959737297
1,80,right_hand,right_hand,6.483074862187743e-05,0.9637127302370244,0.0351447710698085,0.0010776679445449
1,81,feet,feet,9.030480873493627e-05,9.22162198476e-07,0.6980262686178134,0.3018825044112532
1,82,feet,feet,0.00011292663739,3.389621267131137e-06,0.9255989631366168,0.0742847206047259
1,83,feet,feet,0.0006696228585867,5.492990647216834e-06,0.9170408535302876,0.0822840306204784
1,84,tongue,feet,0.0003011277821113,2.087991109331286e-06,0.7750504435338316,0.2246463406929477
1,85,feet,feet,0.0028741664496209,0.0295300363358685,0.9193351965825988,0.0482606006319115
1,86,left_hand,left_hand,0.9601260816038856,0.0387690128183945,0.0010573097380259,4.7595839694124285e-05
1,87,tongue,feet,0.0001000518475588,1.724324643408088e-06,0.710811910629054,0.2890863131987438
1,88,right_hand,right_hand,0.1214757867205196,0.8783337722404243,0.0001883258975789,2.1151414772080197e-06
1,89,feet,tongue,0.0004997752538019,1.0844959320673231e-05,0.4765123880244047,0.5229769917624727
1,90,right_hand,right_hand,0.002039481861841,0.997957954945427,2.5236812370919786e-06,3.9511494892861825e-08
1,91,feet,feet,0.0001173218751459,5.0621543971532514e-05,0.8679296446126892,0.1319024119681934
1,92,tongue,tongue,3.426451621538585e-05,4.4339021438297365e-07,0.0712640999913939,0.9287011921021764
1,93,right_hand,right_hand,0.0135801187121183,0.9863205537211484,9.91110202030922e-05,2.165465301068892e-07
1,94,feet,tongue,0.0002921624265689,1.484201576005279e-06,0.0718807997881277,0.9278255535837274
1,95,left_hand,left_hand,0.8048092539817511,0.0001487412893161,0.0865632395401642,0.1084787651887687
1,96,left_hand,left_hand,0.9936452504767002,0.0015688471080883,0.0046136648067057,0.0001722376085057
1,97,left_hand,right_hand,0.3708099100086166,0.6289155611756206,0.0002737788779935,7.499377693081601e-07
1,98,tongue,tongue,0.0040015055922326,6.953920044323208e-05,0.0568086261960094,0.9391203290113148
1,99,right_hand,right_hand,0.2859817789771834,0.7138718460658665,0.0001460830425675,2.919143824969847e-07
1,100,left_hand,left_hand,0.9993660673269862,0.000164573042563,0.0004548536187104,1.4506011740251867e-05
1,101,feet,feet,0.001394311440582,2.102281386950284e-05,0.576339896764311,0.4222447689812375
1,102,left_hand,left_hand,0.9985630081778204,0.000701721888128,0.0002182909296793,0.0005169790043719
1,103,feet,feet,0.0074481647562731,0.0006942738382166,0.9793464147487574,0.0125111466567528
1,104,right_hand,right_hand,0.0046978407835364,0.9949289282881268,0.0003392544500191,3.3976478317609866e-05
1,105,tongue,tongue,2.040465700979378e-06,7.146716248644352e-08,0.0134363192134853,0.9865615688536512
1,106,left_hand,left_hand,0.893024151824872,4.378470219647928e-05,0.0963457143162193,0.0105863491567119
1,107,feet,feet,0.0196888706496721,0.0004958432633966,0.7061293169721621,0.2736859691147691
1,108,feet,feet,0.0177234896868307,0.0008218744909019,0.7577144643312648,0.2237401714910024
1,109,left_hand,left_hand,0.9940103560434796,0.0008955382800756,0.0046210577063151,0.0004730479701295
1,110,feet,feet,0.0001192469893956,3.553741268236208e-05,0.920325530982044,0.0795196846158779
1,111,right_hand,right_hand,0.0828883443598859,0.9169550112748543,0.000156524435426,1.1992983359960186e-07
1,112,tongue,tongue,2.1580318147118408e-05,3.4200482335357224e-07,0.0532426763678009,0.9467354013092284
1,113,tongue,feet,0.1265108726894389,0.0005998393828359,0.7243930556237481,0.1484962323039768
1,114,tongue,feet,0.0721949518737819,0.0019437909233181,0.6445008237399078,0.2813604334629922
1,115,feet,feet,0.0080249422667083,0.0112692825884534,0.8871918491231905,0.0935139260216478
1,116,left_hand,left_hand,0.8608649187534823,0.1391331112820284,1.851442369395285e-06,1.1852211985410725e-07
1,117,tongue,tongue,3.616017396822227e-05,1.572747178388145e-06,0.0274658038085292,0.9724964632703242
1,118,right_hand,right_hand,0.0026245363193557,0.9264779176013171,0.067470421047811,0.0034271250315159
1,119,tongue,tongue,0.037867411409313,0.0003342883977468,0.0331470583923095,0.9286512418006304
1,120,right_hand,right_hand,0.0261871357956348,0.9662365288487252,0.0069170655202807,0.0006592698353591
1,121,left_hand,feet,0.012733843216187,0.0017594363377448,0.9351374324604006,0.0503692879856675
1,122,feet,feet,0.0003366383605404,4.079797404738558e-06,0.9875984292953892,0.0120608525466653
1,123,right_hand,tongue,0.2412387315505253,0.2663298823368583,0.1097214088201353,0.3827099772924809
1,124,left_hand,left_hand,0.674093130259634,0.3256681215470778,0.0002384534735127,2.9471977543114825e-07
1,125,feet,feet,0.0060936878179926,0.0098220600576058,0.9309421015154898,0.0531421506089117
1,126,feet,feet,0.0050657313189213,0.0008315233457938,0.9786537480923309,0.0154489972429542
1,127,left_hand,left_hand,0.9915012847295824,1.4007084043816165e-06,0.0068310497190421,0.0016662648429708
1,128,feet,feet,0.0008192808237806,0.0005936852343282,0.9907420365586412,0.0078449973832498
1,129,tongue,tongue,1.3428597375114091e-06,1.1519330141857808e-07,0.0016575333458624,0.9983410086010984
1,130,tongue,tongue,0.0414831901158215,3.402134548189514e-05,0.3592316392024218,0.5992511493362747
1,131,right_hand,right_hand,0.0175804795748699,0.9771327897066158,0.004944813681933,0.0003419170365812
1,132,left_hand,left_hand,0.9647897676860764,4.862540543448048e-05,0.0195042373417382,0.015657369566751
1,133,right_hand,right_hand,0.005118273990923,0.9640039754036216,0.0307499927003237,0.0001277579051317
1,134,tongue,tongue,0.0040688997780882,0.0001061620488728,0.429870080183778,0.5659548579892609
1,135,right_hand,right_hand,0.0067425344566469,0.9913878807359672,0.0018567895536603,1.2795253725635547e-05
1,136,tongue,feet,0.0021783863474798,4.771900464879832e-05,0.8115695338097239,0.1862043608381473
1,137,feet,tongue,0.0092698200404817,0.0001497959039335,0.3948965178847128,0.595683866170872
1,138,right_hand,right_hand,0.0894642788666898,0.9072459668306648,0.0032188839272074,7.087037543765537e-05
1,139,right_hand,right_hand,0.0421403493837666,0.9569279181533014,0.0009307331604626,9.993024692888711e-07
1,140,right_hand,right_hand,0.0007069802582391,0.9960684617242506,0.0028148834974653,0.0004096745200449
1,141,feet,feet,0.0047794980922827,0.0001904238488444,0.717826963961576,0.2772031140972968
1,142,tongue,tongue,0.0024312070433318,0.0001079242517211,0.1565578801610885,0.8409029885438585
1,143,left_hand,left_hand,0.8374882798358673,0.152116634813916,0.0095120399612152,0.0008830453890014
1,144,right_hand,right_hand,0.0852014133916197,0.9146006162610344,0.000197821005573,1.4934177280518998e-07
1,145,tongue,tongue,4.073885936162522e-05,1.495877086668027e-05,0.1805571726132048,0.8193871297565669
1,146,left_hand,right_hand,0.1635982038957581,0.8363600975358558,4.153276121166984e-05,1.6580717439366006e-07
1,147,feet,tongue,5.713157404039741e-05,4.184982739276325e-05,0.3664090380754856,0.6334919805230812
1,148,feet,feet,0.0027849659353548,0.0015941478070475,0.9192747860806704,0.0763461001769271
1,149,tongue,tongue,5.139363394121036e-05,2.60274728425978e-05,0.0433650727940299,0.9565575060991862
1,150,left_hand,left_hand,0.5997588032771325,0.400161053324181,7.272604321704384e-05,7.417355469444769e-06
1,151,left_hand,left_hand,0.9990034369992692,0.0007797005013803,0.0002052430601574,1.1619439193032023e-05
1,152,feet,tongue,0.0273306029790298,0.0007271675848038,0.1928581196688997,0.7790841097672666
1,153,right_hand,right_hand,0.0025263155304052,0.997467451857908,6.180640814798277e-06,5.1970872103057766e-08
1,154,tongue,feet,0.0030162691186986,1.5607079354818365e-05,0.7766906288145755,0.2202774949873709
1,155,tongue,tongue,0.0033950488715948,5.101931746149583e-05,0.0841941106977637,0.91235982111318
1,156,tongue,tongue,0.0009486364711008,9.82385336440204e-05,0.0180002732374132,0.9809528517578416
1,157,right_hand,right_hand,0.0712828053858491,0.9286001497148836,0.0001125314642038,4.51343506328608e-06
1,158,left_hand,left_hand,0.6230020465384459,0.3769529974336541,4.485805615385794e-05,9.797174607011739e-08
1,159,feet,tongue,0.0001669365028702,0.0001077577824029,0.2864968096664581,0.7132284960482688
1,160,right_hand,right_hand,0.0018275484725394,0.9981673458666364,5.064621639728241e-06,4.1039184697325764e-08
1,161,tongue,tongue,1.648983697922431e-06,6.72913909556913e-07,0.0345812879683095,0.965416390134083
1,162,left_hand,left_hand,0.8791552265561063,0.119182316667686,0.0016619883068589,4.684693487183677e-07
1,163,tongue,tongue,0.0001863303554716,2.5405407536458478e-06,0.4310057746343944,0.5688053544693803
1,164,feet,feet,0.0001269903642577,1.023442440183507e-05,0.9416424618721998,0.0582203133391404
1,165,right_hand,right_hand,0.0092826527783058,0.9905801027693384,0.0001365943263766,6.50125979246913e-07
1,166,tongue,feet,0.0343967214681511,0.0040719709216723,0.6896434767604115,0.271887830849765
1,167,tongue,tongue,9.393339057081158e-05,2.4937177399737563e-06,0.0350221517572492,0.96488142113444
1,168,left_hand,left_hand,0.9427205307066322,0.0566900589366334,0.0005842990397983,5.111316936044848e-06
1,169,right_hand,right_hand,0.0195907066633658,0.976340223400717,0.0040449101625067,2.415977341046015e-05
1,170,right_hand,right_hand,0.0582841214604751,0.9398952871298032,0.0018095618872989,1.1029522422436642e-05
1,171,feet,feet,0.0730385658007863,0.0002408801875966,0.8920164866739779,0.0347040673376388
1,172,tongue,tongue,0.0003184469244035,8.084541634328325e-06,0.1062907963772625,0.8933826721566994
1,173,right_hand,right_hand,0.0283806293210551,0.9713589061057486,0.0002590638295401,1.4007436561802e-06
1,174,left_hand,left_hand,0.936954838561186,0.0013657993842412,0.0545957194531091,0.0070836426014636
1,175,left_hand,left_hand,0.7515283697443245,6.622107852976121e-05,0.2357156791319518,0.0126897300451939
1,176,tongue,tongue,0.0002702775655491,2.153926584309223e-05,0.3651059212557906,0.6346022619128171
1,177,right_hand,right_hand,0.0157180869082265,0.9837785787485572,0.0005029422670896,3.9207612642984913e-07
1,178,left_hand,left_hand,0.9930150796643776,0.0004823522516045,0.0060999872739301,0.0004025808100877
1,179,feet,feet,0.0627141342200637,0.0066021019566692,0.6100324467233003,0.3206513170999668
1,180,right_hand,right_hand,0.0195447570218757,0.980441357889209,1.3803844008878955e-05,8.12449061147203e-08
1,181,right_hand,right_hand,0.0398485565632436,0.9599225869857352,0.0002249012654436,3.955185577740927e-06
1,182,feet,feet,0.0146292247113166,6.81928430670739e-05,0.9643256065907588,0.0209769758548573
1,183,left_hand,left_hand,0.9336308924934617,0.0663177111177197,5.115795739006457e-05,2.384314286601521e-07
1,184,tongue,tongue,7.45390942265946e-05,2.674234673516884e-06,0.4621572422952993,0.5377655443758006
1,185,feet,feet,0.0446128541162033,0.0008430886641588,0.7958468655270162,0.1586971916926217
1,186,feet,feet,0.0606655673385039,0.000140061320027,0.7969815000246753,0.1422128713167938
1,187,feet,feet,0.0013094945048073,6.095738768721928e-05,0.8469298660329062,0.1516996820745992
1,188,feet,feet,9.603764556192017e-05,8.792319356801125e-06,0.648737040319739,0.3511581297153424
1,189,left_hand,left_hand,0.828143465623014,0.1717188818613495,0.0001373821287373,2.703868993049009e-07
1,190,right_hand,right_hand,0.0515587079558959,0.9484205190893626,2.073443784103184e-05,3.8516900310671755e-08
1,191,left_hand,left_hand,0.997571989421882,0.0020155953282435,0.000392526220732,1.9889029142334185e-05
1,192,right_hand,right_hand,0.0682576072527038,0.9317322263050078,1.0132777526321175e-05,3.366476187090834e-08
1,193,left_hand,left_hand,0.6186297818304766,0.3800576999791644,0.0013001709747225,1.2347215636559275e-05
1,194,left_hand,left_hand,0.5675725573534911,0.4321953146242575,0.0002316720591858,4.559630654728919e-07
1,195,feet,feet,1.925738208263425e-05,5.977745679812052e-07,0.995134712086693,0.0048454327566563
1,196,feet,feet,0.0323224816777833,0.0004058327274162,0.8978094748145012,0.069462210780299
1,197,right_hand,right_hand,0.0718294368417497,0.9280589886522034,0.0001102164251575,1.3580808894916058e-06
1,198,feet,feet,2.5800635730047788e-05,1.2571968007240413e-07,0.938518584140522,0.0614554895040676
1,199,tongue,tongue,4.699571315091586e-05,3.491064242912471e-07,0.0511317399005251,0.9488209152798996
1,200,left_hand,right_hand,0.284186838700579,0.7157865340153644,2.6616046290699475e-05,1.1237765967002772e-08
1,201,tongue,feet,0.0001801126272564,1.1833665984369874e-05,0.687336674023752,0.3124713796830072
1,202,left_hand,left_hand,0.9476123612497116,0.0521114403337834,0.0002757202762787,4.781402260009895e-07
1,203,left_hand,left_hand,0.7914573728585019,0.028011355011031,0.1569349375095292,0.0235963346209376
1,204,right_hand,right_hand,0.1316292343873019,0.8664440682759303,0.0019256584094891,1.0389272784634869e-06
1,205,tongue,feet,0.0529802522892197,1.2109653841680738e-05,0.4987423523986286,0.44826528565831
1,206,feet,feet,0.0022922396235003,2.7099031504645893e-05,0.9487506805484632,0.0489299807965318
1,207,right_hand,right_hand,0.0194447972841832,0.9783219953875096,0.0022224570162994,1.0750312007379187e-05
1,208,tongue,tongue,4.695407742836578e-06,3.7230431121275386e-07,0.0191787145464325,0.9808162177415134
1,209,feet,left_hand,0.6484898035108712,0.0019728565015631,0.3150648965508469,0.0344724434367188
1,210,tongue,feet,0.0019682531363971,0.0002203068298136,0.7859483091513617,0.2118631308824275
1,211,feet,feet,0.0005185380769865,0.0001245246150139,0.9924920049999916,0.0068649323080077
1,212,tongue,feet,0.0001656735633185,1.9254410635678875e-06,0.6535453166402244,0.3462870843553934
1,213,right_hand,right_hand,0.0232197760845868,0.9762405771626446,0.0005377609225871,1.8858301812963704e-06
1,214,right_hand,right_hand,0.0489759568815729,0.9506376962450528,0.0003857984158634,5.484575110432028e-07
1,215,tongue,tongue,0.0001823702837268,2.33363966758061e-06,0.2206843833343255,0.77913091274228
1,216,left_hand,right_hand,0.3644521650715467,0.6305827336743945,0.0049429003580886,2.220089597008866e-05
1,217,right_hand,right_hand,0.0040096460620754,0.9958035246120296,0.0001846084598415,2.22086605347582e-06
1,218,right_hand,right_hand,0.2433375415689297,0.7558884742048565,0.0007634269059201,1.0557320293816e-05
1,219,right_hand,right_hand,0.029806590355225,0.970135546917833,5.773223417252049e-05,1.304927694937458e-07
1,220,feet,feet,0.0052022118319586,1.572822338245054e-05,0.8987951912023141,0.0959868687423445
1,221,tongue,tongue,8.759856724638413e-05,5.45896086668834e-06,0.291092995909251,0.7088139465626359
1,222,left_hand,left_hand,0.8900884950573903,0.0821726119136501,0.0277146605209996,2.423250795962001e-05
1,223,tongue,feet,2.4924864510838148e-05,6.239398021812249e-07,0.8081239821809583,0.1918504690147286
1,224,left_hand,right_hand,0.3681211275708471,0.6306324229610936,0.0012450727192275,1.3767488318638191e-06
1,225,feet,feet,0.0003568220054176,0.0119294264040835,0.8204159343605898,0.167297817229909
1,226,left_hand,left_hand,0.5138492029034634,0.4841975867376116,0.0019520879255734,1.1224333515089112e-06
1,227,tongue,feet,0.003161531330867,0.000369413769791,0.7787122170194842,0.2177568378798574
1,228,left_hand,left_hand,0.8800679366305574,0.1199043207495979,2.7725627871079245e-05,1.6991973479761727e-08
1,229,feet,feet,0.000308069467248,2.839518657585759e-05,0.7934816724886022,0.2061818628575739
1,230,left_hand,right_hand,0.4008336538946069,0.5991024183617112,6.368284341822837e-05,2.449002635175707e-07
1,231,right_hand,right_hand,0.0007005138889871,0.9874484433350118,0.0118119081079528,3.913466804820427e-05
1,232,feet,feet,0.0022847239368699,4.7019418775328735e-06,0.7578587044771162,0.2398518696441362
1,233,feet,feet,0.0788709184685004,0.0006518921807266,0.908961598353732,0.0115155909970408
1,234,tongue,tongue,6.5074926441382256e-06,2.869331670677514e-07,0.0338354451989633,0.9661577603752256
1,235,left_hand,left_hand,0.9850885419999972,0.0143368357329745,0.0005729280188587,1.694248169317588e-06
1,236,right_hand,right_hand,0.0002313380657366,0.9744304560036876,0.0252658016114598,7.240431911612441e-05
1,237,tongue,tongue,3.762955473336523e-05,1.6799745760603444e-05,0.1675635933782155,0.8323819773212905
1,238,right_hand,right_hand,0.3187567420637325,0.6727520108526881,0.0084849296687389,6.3174148404916e-06
1,239,feet,feet,9.115787888695126e-05,6.571323185934011e-06,0.7023893081616797,0.2975129626362474
1,240,feet,feet,0.0431616558007099,0.0087424860694803,0.9159562997633296,0.0321395583664799
1,241,left_hand,left_hand,0.8611746085865921,0.1374158942845195,0.0014055329929693,3.964135918993146e-06
1,242,tongue,tongue,2.77990713796838e-07,2.374375214966955e-07,0.0390227852971152,0.9609766992746492
1,243,right_hand,right_hand,0.115094284904717,0.8848860129904969,1.967565134293364e-05,2.645344313105795e-08
1,244,tongue,tongue,0.0001450023910024,1.2030718355097905e-05,0.1509012464970239,0.8489417203936185
1,245,left_hand,right_hand,0.1862567751221553,0.8115798553772772,0.0021542637347813,9.1057657860812e-06
1,246,left_hand,left_hand,0.9186813903800504,0.0810365593077865,0.0002819261293632,1.2418279977377225e-07
1,247,feet,feet,0.0004445782737607,1.863434922909053e-05,0.665325013740239,0.3342117736367711
1,248,feet,feet,0.0010053184234086,5.904650575912902e-05,0.6315396861305893,0.3673959489402431
1,249,right_hand,right_hand,0.0716734166989093,0.9281625427520572,0.0001626521009162,1.3884481172808982e-06
1,250,tongue,tongue,2.1145112743573e-07,3.030062302676357e-08,0.2483046962312476,0.751695062017002
1,251,right_hand,right_hand,0.0850201519726587,0.9148027759503984,0.0001768121139695,2.599629732690427e-07
1,252,right_hand,right_hand,0.0596591626530343,0.9398388938029716,0.0005015357931427,4.077508513634074e-07
1,253,left_hand,right_hand,0.4977269469578441,0.5018645313784519,0.000406409255921,2.1124077829990084e-06
1,254,right_hand,right_hand,0.04114083447754,0.9583913959044732,0.0004645696908046,3.1999271822258658e-06
1,255,tongue,tongue,1.7517724830182342e-06,5.049130400045701e-07,0.22335499176615,0.7766427515483271
1,256,tongue,tongue,0.0174313309822463,0.000146180929477,0.2126038374850208,0.7698186506032558
1,257,right_hand,right_hand,0.0234061677659951,0.9765130363313212,8.053554151451934e-05,2.603611691974966e-07
1,258,right_hand,right_hand,0.1937333987365775,0.8060810421928075,0.0001852904939343,2.685766806856572e-07
1,259,right_hand,right_hand,0.0681207412004254,0.9318671129687288,1.2103077138319792e-05,4.2753707481500825e-08
1,260,right_hand,right_hand,0.0895425975888396,0.9104080930233698,4.809525118862079e-05,1.2141366017769893e-06
1,261,tongue,tongue,6.178656550370371e-05,5.263433095313022e-07,0.0353061679223113,0.9646315191688754
1,262,tongue,tongue,3.1352065815970174e-05,2.5490314563172984e-06,0.0269763923926589,0.9729897065100688
1,263,feet,feet,0.0032121662805614,0.0001870519605238,0.799631870392959,0.1969689113659557
1,264,tongue,tongue,1.4463956159565932e-06,2.864079228828879e-07,0.0217488359641014,0.9782494312323596
1,265,left_hand,right_hand,0.1285750763287635,0.8707604896423757,0.0006641674213068,2.666075538911637e-07
1,266,right_hand,right_hand,0.0070253778695104,0.9928916551905994,7.458391406877277e-05,8.383025821471786e-06
1,267,feet,feet,0.0227308284315087,0.0008750451968663,0.9093422297162812,0.0670518966553438
1,268,right_hand,right_hand,0.2514534315293672,0.7485113011286918,3.513578970685424e-05,1.315522340698057e-07
1,269,left_hand,left_hand,0.5206980371230979,0.4786045321630022,0.0006971130844287,3.17629471150191e-07
1,270,tongue,feet,4.176795095959629e-05,2.8370051232729637e-06,0.8312881870940702,0.1686672079498468
1,271,left_hand,left_hand,0.971017764293087,0.0288391714797126,0.0001417220456587,1.3421815416871871e-06
1,272,tongue,feet,0.0006359697211713,0.0002722770207168,0.5726557854799404,0.4264359677781713
1,273,left_hand,right_hand,0.1696340104694513,0.8300246683007297,0.0003394719270034,1.849302815353445e-06
1,274,left_hand,left_hand,0.7428644408296678,0.2569285411214081,0.0002033302177719,3.6878311519389823e-06
1,275,left_hand,right_hand,0.3482234417797448,0.6516285116104779,0.0001474241803799,6.224293972989568e-07
1,276,left_hand,left_hand,0.9428386108797916,0.0565030322189855,0.0006463639410776,1.1992960145126167e-05
1,277,feet,feet,6.621061125044614e-05,2.5248967006224196e-05,0.958658151250666,0.0412503891710775
1,278,feet,feet,0.0005116865408058,0.0002048040518773,0.6728789654049802,0.3264045440023366
1,279,tongue,feet,6.485714722841423e-06,4.509385243149507e-06,0.6901484608894837,0.3098405440105504
1,280,right_hand,right_hand,0.0279257933401639,0.9713670781464708,0.0007069794463769,1.490669881386527e-07
1,281,feet,feet,0.0007105621635182,1.4252430195476447e-05,0.8610744153481961,0.13820077005809
1,282,feet,feet,0.01349767325297,0.0005684384758693,0.968950276799743,0.0169836114714176
1,283,feet,tongue,1.0944492193616004e-05,1.1731810657080754e-06,0.2098522827476725,0.7901355995790682
1,284,tongue,tongue,5.318702239565171e-05,3.744684935460488e-06,0.273160775687533,0.7267822926051358
1,285,feet,tongue,0.0010558292133429,2.402751692965639e-05,0.4009637409689412,0.5979564023007862
1,286,left_hand,right_hand,0.1083790058989781,0.8916053811472381,1.5575212108085947e-05,3.7741675736006086e-08
1,287,feet,feet,2.510954775641533e-05,3.9891602971954005e-05,0.6417485278352452,0.3581864710140264
2,0,left_hand,left_hand,0.5677661260244706,0.3500532432499286,0.0052228989572521,0.0769577317683486
2,1,right_hand,right_hand,0.4296030697220749,0.4635075481392872,0.0622758402560496,0.0446135418825882
2,2,right_hand,left_hand,0.433606046459947,0.2093771308707744,0.0036056518192794,0.3534111708499992
2,3,left_hand,right_hand,0.402479362593444,0.4037297446004302,0.09262927524686,0.1011616175592657
2,4,right_hand,feet,0.2572816741037488,0.1755925920361343,0.3005783787353521,0.2665473551247647
2,5,left_hand,right_hand,0.4353038887326418,0.5033443366472999,0.008570610189119,0.0527811644309391
2,6,right_hand,left_hand,0.5630867784178245,0.1817956391402312,0.0801753593280831,0.174942223113861
2,7,feet,feet,0.0279279278846034,0.0314974861541754,0.935819998022422,0.0047545879387992
2,8,right_hand,right_hand,0.2486107786505807,0.7249614131779146,0.0005940308052947,0.0258337773662098
2,9,tongue,left_hand,0.7980697429481478,0.0760400594609018,3.3889476057743865e-05,0.1258563081148926
2,10,left_hand,right_hand,0.453909180558127,0.4839775799245779,0.0055510217425434,0.0565622177747515
2,11,feet,feet,0.1056211121453761,0.105410017300341,0.734755733568804,0.0542131369854787
2,12,right_hand,feet,0.0362252469662544,0.1214024927105728,0.8401012507895439,0.0022710095336288
2,13,left_hand,right_hand,0.3354278060081448,0.5942125592662856,0.0007241213628727,0.0696355133626967
2,14,tongue,left_hand,0.6309745571299104,0.2873206365873966,0.0035692521280104,0.0781355541546826
2,15,tongue,left_hand,0.4946991956399468,0.1465940474420474,0.0011758686915106,0.357530888226495
2,16,tongue,left_hand,0.5172668420403087,0.1961456815637292,0.0019907741490106,0.2845967022469514
2,17,tongue,tongue,0.3311739150164995,0.2670212306494859,0.0564653053082099,0.3453395490258045
2,18,tongue,tongue,0.3216791148561166,0.0485680518916062,0.0031928710751434,0.6265599621771336
2,19,left_hand,right_hand,0.3528504463678468,0.5680608179754099,0.0627660654210834,0.0163226702356598
2,20,feet,feet,0.0216629354794735,0.0295735003923294,0.93863024092941,0.0101333231987869
2,21,right_hand,right_hand,0.3267386316351479,0.3304752716306035,0.1541957776436622,0.1885903190905863
2,22,left_hand,feet,0.0745381102808777,0.1126141904808952,0.8007528655413005,0.0120948336969264
2,23,left_hand,left_hand,0.4071446192097568,0.4050271136722667,0.0038550880714844,0.1839731790464919
2,24,feet,feet,0.0115129263294099,0.0355957074196141,0.9430067081786722,0.0098846580723038
2,25,tongue,feet,0.0173535604110545,0.0130546507396877,0.9576839249932646,0.011907863855993
2,26,left_hand,right_hand,0.2633381668914745,0.6418965834720021,0.0814093628837794,0.0133558867527439
2,27,feet,feet,0.0807505855595505,0.1699528064685095,0.7082398953836824,0.0410567125882577
2,28,feet,feet,0.0330314440494191,0.0394374890697219,0.9155282425058912,0.0120028243749677
2,29,feet,feet,0.0702082654889592,0.0725535350069061,0.8436079268465095,0.0136302726576251
2,30,left_hand,tongue,0.3301345693298891,0.1127564999299912,0.0024432582507056,0.5546656724894141
2,31,right_hand,right_hand,0.3326506963514219,0.5408905028291103,0.0830784244335897,0.0433803763858779
2,32,left_hand,right_hand,0.2842034857635459,0.4040346456475653,0.0507566679482878,0.2610052006406009
2,33,right_hand,right_hand,0.1569228971082703,0.8299370320191317,0.0009434066791972,0.0121966641934005
2,34,right_hand,right_hand,0.1736050372611862,0.803399961081979,0.0016266685660334,0.0213683330908014
2,35,left_hand,right_hand,0.1523365042117544,0.7672989219967489,0.0040955593593707,0.0762690144321261
2,36,right_hand,right_hand,0.111640985404734,0.4440923640771474,0.357227174018427,0.0870394764996914
2,37,feet,feet,0.0016323581750266,0.0025010669873941,0.9771549248093306,0.0187116500282484
2,38,right_hand,right_hand,0.1026476289905932,0.8321940571244182,0.001327250975963,0.0638310629090254
2,39,feet,feet,0.0015819271257591,0.0248432201533838,0.9716125475857856,0.0019623051350714
2,40,feet,feet,0.0012332341358232,0.0075406085846476,0.9898512115776305,0.0013749457018986
2,41,tongue,tongue,0.1290271836110448,0.1988996502680197,0.3346713406321834,0.3374018254887519
2,42,feet,feet,0.000142133926134,0.000105457564702,0.9979551970598298,0.001797211449334
2,43,feet,feet,0.0467088060725664,0.0228258091381817,0.8759620523380041,0.0545033324512477
2,44,tongue,tongue,0.2445989071576785,0.0595482085241322,0.1533741387508578,0.5424787455673314
2,45,tongue,left_hand,0.4795189872140399,0.1422776626972995,0.0006781024306494,0.3775252476580111
2,46,tongue,feet,0.0374759496947842,0.0092374845643724,0.7254966544863356,0.2277899112545077
2,47,tongue,left_hand,0.4474749021938737,0.3988703420156163,0.0052101666047326,0.1484445891857773
2,48,tongue,left_hand,0.574146365061853,0.1079481407542711,0.0002689485065651,0.3176365456773108
2,49,feet,feet,0.1648661233168862,0.1313543751891122,0.6232581328712842,0.0805213686227173
2,50,right_hand,left_hand,0.4406401134342179,0.2597388501175476,0.0865061998720375,0.2131148365761968
2,51,left_hand,left_hand,0.6105898525917944,0.2993956776033703,0.000395790899821,0.0896186789050141
2,52,left_hand,left_hand,0.5260957600724535,0.3141364010746653,0.0012114519785522,0.1585563868743289
2,53,right_hand,left_hand,0.5231966397914858,0.2563446776517747,0.0003005885099154,0.220158094046824
2,54,feet,right_hand,0.255001243134008,0.334953779198926,0.2132405437914922,0.1968044338755738
2,55,tongue,tongue,0.2214604369774796,0.0823599159284371,0.0355789444517629,0.6606007026423202
2,56,right_hand,right_hand,0.1604766687507224,0.7781767568270862,0.0450251377408872,0.016321436681304
2,57,feet,feet,0.0122224716683446,0.0071286282400456,0.9595970143155886,0.021051885776021
2,58,left_hand,tongue,0.1491876652504411,0.1544054904848897,0.0352013654541976,0.6612054788104714
2,59,left_hand,tongue,0.3757862746064669,0.1499701281418831,0.0020333336040427,0.4722102636476071
2,60,left_hand,tongue,0.3679353508504482,0.1704490759029169,0.0686130818524238,0.3930024913942109
2,61,tongue,tongue,0.3727376901450158,0.1844200208182101,0.0260912983902847,0.4167509906464893
2,62,right_hand,left_hand,0.5446986725448194,0.3467425974702697,0.0034639923723513,0.1050947376125595
2,63,right_hand,right_hand,0.136938119104666,0.843357691363175,0.0174467621692144,0.0022574273629445
2,64,left_hand,left_hand,0.5594567460993992,0.3487396466346849,0.001221255271355,0.0905823519945607
2,65,left_hand,tongue,0.2019104255931656,0.0853586027077396,0.0013319987306231,0.7113989729684717
2,66,feet,feet,0.0202484711784568,0.0120621958391871,0.9501825744197098,0.0175067585626461
2,67,left_hand,right_hand,0.3532187111002973,0.4543464623420077,0.0099359050583183,0.1824989214993765
2,68,right_hand,feet,0.2219813978858716,0.1113408796550263,0.4578715673465324,0.2088061551125697
2,69,tongue,left_hand,0.3952760657352297,0.1437999286845946,0.1254797678015222,0.3354442377786533
2,70,tongue,left_hand,0.4251246512615336,0.2080917010898329,0.0061395331642686,0.3606441144843648
2,71,feet,feet,0.0068962789189495,0.0062113710958202,0.9672294839988528,0.0196628659863775
2,72,left_hand,right_hand,0.4629294368332766,0.5004159193789262,0.0032704441527673,0.0333841996350298
2,73,tongue,left_hand,0.504411573776278,0.1677319384770131,0.0009394693462875,0.3269170184004213
2,74,tongue,left_hand,0.4285128876599575,0.1456801414545808,0.0061752967437404,0.4196316741417211
2,75,right_hand,feet,0.1947002241384506,0.3706570585858339,0.3856036604829874,0.0490390567927279
2,76,tongue,tongue,0.3669109058945895,0.0550045056906685,0.0013243591038273,0.5767602293109146
2,77,tongue,left_hand,0.4663132873042805,0.4119258618298517,0.0053055833000619,0.1164552675658057
2,78,right_hand,right_hand,0.2649615567839755,0.6816332699618145,0.0407335470769361,0.0126716261772737
2,79,left_hand,left_hand,0.4629685782660728,0.3664852064779901,0.0033725975147292,0.1671736177412078
2,80,right_hand,right_hand,0.2990432416849288,0.6063747010112538,0.0283025172122104,0.0662795400916069
2,81,feet,feet,0.0072414290887679,0.001987507603193,0.9559639896660272,0.0348070736420117
2,82,feet,feet,0.0205880895049843,0.0224282412856465,0.9061419797740964,0.0508416894352726
2,83,feet,feet,0.1372021716075868,0.0728668134611992,0.6422087889582594,0.1477222259729546
2,84,tongue,left_hand,0.46837060967984,0.2455525147249283,0.0394065170523806,0.2466703585428508
2,85,feet,feet,0.0661889166692585,0.0209044067937849,0.7522509652450988,0.1606557112918579
2,86,left_hand,left_hand,0.5838882578835314,0.3650285918667705,0.0001806532782565,0.0509024969714416
2,87,tongue,tongue,0.1120285582203699,0.0200048295449824,0.0722133661655188,0.7957532460691289
2,88,right_hand,left_hand,0.393979109424113,0.2827710047299427,0.102509430757387,0.2207404550885571
2,89,feet,feet,0.0314638451666994,0.0436775063972175,0.9142794133326888,0.0105792351033943
2,90,right_hand,right_hand,0.442610781411175,0.4911166593061441,0.0006800658464824,0.0655924934361985
2,91,feet,feet,0.0161595859369698,0.0096511413782839,0.9106774307986076,0.0635118418861388
2,92,tongue,feet,0.0599149079419906,0.0463149138325639,0.7263812744954772,0.1673889037299682
2,93,right_hand,right_hand,0.133007763876583,0.843714017868123,0.0020908717737848,0.0211873464815092
2,94,feet,feet,0.0192871620025071,0.0277394576193063,0.9303443981974204,0.0226289821807663
2,95,left_hand,tongue,0.4114002653103941,0.1253409458668143,0.0163502865601094,0.4469085022626821
2,96,left_hand,right_hand,0.2111607222065347,0.3997017016956753,0.1673315686419552,0.2218060074558346
2,97,left_hand,feet,0.0039901043662044,0.0406084066707197,0.9524200799734148,0.0029814089896608
2,98,tongue,tongue,0.2022508895020056,0.2607484580552029,0.0011587089831564,0.5358419434596349
2,99,right_hand,tongue,0.2196301878533144,0.1324287875653398,0.0022428570226946,0.6456981675586511
2,100,left_hand,right_hand,0.278499904486914,0.3745927885706439,0.1457889433850634,0.2011183635573785
2,101,feet,right_hand,0.0823106298434599,0.84760265306126,0.0484983448906352,0.0215883722046447
2,102,left_hand,tongue,0.3991586527198424,0.0976220493813361,0.0001328403719048,0.5030864575269166
2,103,feet,feet,0.0048506788786402,0.1875185048458833,0.8068531593801123,0.0007776568953641
2,104,right_hand,right_hand,0.3055541104778869,0.6001017638431285,0.002061176341618,0.0922829493373664
2,105,tongue,tongue,0.1672844367994347,0.068320012820047,0.1181255980578629,0.6462699523226553
2,106,left_hand,feet,0.0377013651815582,0.2027015810050059,0.755173319980129,0.0044237338333068
2,107,feet,feet,0.0077091781911934,0.0101545086029652,0.9734478016778036,0.0086885115280376
2,108,feet,right_hand,0.1957055013856632,0.691845332579768,0.0670858043280978,0.0453633617064708
2,109,left_hand,left_hand,0.4811375743303199,0.343894639772193,0.0135169600659634,0.1614508258315237
2,110,feet,feet,0.1657631383289055,0.085009366266592,0.5480827172318349,0.2011447781726676
2,111,right_hand,tongue,0.3607501656321835,0.0865393760930704,0.0020693970254757,0.5506410612492703
