subject,trial,y_true,y_pred,proba_left_hand,proba_right_hand,proba_feet,proba_tongue
1,0,left_hand,left_hand,0.7179092338012656,0.0001675155653518,0.1714801501619016,0.1104431004714807
1,1,right_hand,right_hand,0.0015336834948999,0.9835821268624296,0.0134434944674157,0.0014406951752546
1,2,right_hand,left_hand,0.5949292639276589,0.2039624326626012,0.1844988550935901,0.0166094483161496
1,3,left_hand,left_hand,0.992540529056108,0.0001561520890921,0.0056537177463806,0.0016496011084191
1,4,right_hand,right_hand,0.34665597630522,0.6274360455144913,0.0258505792387114,5.739894157716871e-05
1,5,left_hand,left_hand,0.9941146268688263,3.956358209899428e-06,0.0043367890790435,0.0015446276939202
1,6,right_hand,right_hand,0.0081550498492331,0.9890556598235296,0.0027762268404541,1.3063486783273131e-05
1,7,feet,tongue,1.1874661421995313e-05,8.46327541932663e-08,0.0821185760934328,0.9178694646123908
1,8,right_hand,right_hand,0.00578041955738,0.9564149623410464,0.0375572132854161,0.0002474048161572
1,9,tongue,tongue,8.957049136451025e-07,2.5225641544842963e-09,0.1642742319567834,0.8357248698157388
1,10,left_hand,left_hand,0.9885987644135,0.0010062412086494,0.0103652435981021,2.975077974848258e-05
1,11,feet,tongue,5.847730817322381e-06,2.769387484287945e-07,0.2219203003192271,0.7780735750112072
1,12,right_hand,right_hand,0.0031568554753821,0.9474088358624272,0.048697616019144,0.0007366926430466
1,13,left_hand,tongue,0.1452250399249092,4.052709602241854e-06,0.4121641449150465,0.4426067624504419
1,14,tongue,tongue,2.402567256092771e-06,3.787314412021824e-07,0.0086222677932861,0.9913749509080164
1,15,tongue,tongue,1.2363787472637523e-06,1.0646010270111622e-08,0.0328497492159542,0.9671490037592884
1,16,tongue,tongue,0.0003953167289623,8.46364567381963e-07,0.4092870011784492,0.590316835728021
1,17,tongue,tongue,0.000109953495361,6.662123725810524e-07,0.0592723883372897,0.9406169919549768
1,18,tongue,tongue,1.167603795065394e-05,3.140972220716709e-07,0.0776164584472659,0.9223715514175612
1,19,left_hand,left_hand,0.9547844940282116,0.0001751609044638,0.0326422693724113,0.012398075694913
1,20,feet,feet,0.0051137891416164,1.810817724460593e-05,0.9691838448056672,0.0256842578754719
1,21,right_hand,right_hand,0.0122687291493368,0.9553923725091322,0.0321562021739384,0.0001826961675924
1,22,left_hand,left_hand,0.9738999677269492,4.275638524585175e-05,0.0123127275473088,0.0137445483404962
1,23,left_hand,feet,0.3110988521440305,0.0001448700057012,0.5740211736317009,0.1147351042185672
1,24,feet,tongue,9.45385171658422e-06,1.5281989286216765e-08,0.2093401551389504,0.7906503757273438
1,25,tongue,tongue,0.0016212749131924,3.712928331300005e-07,0.0284140618901312,0.9699642919038431
1,26,left_hand,left_hand,0.9840632379017152,0.0143028442803088,0.0013716140271512,0.0002623037908247
1,27,feet,feet,0.0025068778311765,3.936186643237478e-05,0.8178082009082173,0.1796455593941738
1,28,feet,tongue,0.0004604974622352,2.270698975659744e-06,0.3336265777827865,0.6659106540560026
1,29,feet,feet,0.0062436524825413,7.738493961518366e-07,0.6253373575126666,0.3684182161553959
1,30,left_hand,left_hand,0.9735279767225782,0.0018999229267739,0.020705676025224,0.0038664243254238
1,31,right_hand,right_hand,0.0021451199870845,0.9915240039038484,0.0061271795534283,0.0002036965556386
1,32,left_hand,left_hand,0.9969106466550272,0.0001994167918617,0.002384774951692,0.000505161601419
1,33,right_hand,right_hand,0.0046246929878499,0.993191297091946,0.0021823828035083,1.6271166956493134e-06
1,34,right_hand,feet,0.1223832537312456,0.1701645969923854,0.370156852141939,0.3372952971344298
1,35,left_hand,tongue,0.2585687041755911,0.0001194849062204,0.1985764937271774,0.5427353171910111
1,36,right_hand,right_hand,0.0941423233794448,0.6936274428839103,0.1982337929699161,0.0139964407667288
1,37,feet,tongue,0.0005276796584986,1.7171563172878113e-06,0.4314475691406393,0.5680230340445447
1,38,right_hand,right_hand,0.0535314394876145,0.9464655745808754,2.970632289916069e-06,1.529922004607666e-08
1,39,feet,feet,0.0484536151698582,4.187064372724976e-05,0.6664723026189225,0.2850322115674919
1,40,feet,feet,0.0018466128659672,1.7017819148197515e-05,0.7455339835623594,0.2526023857525252
1,41,tongue,tongue,2.849265823483183e-05,6.768026648433146e-07,0.0038835519800606,0.9960872785590396
1,42,feet,feet,0.0016505837201414,1.2381414685997388e-05,0.8292606823015133,0.1690763525636592
1,43,feet,left_hand,0.4788438733222865,0.0054667520911111,0.4647477106913531,0.0509416638952492
1,44,tongue,tongue,0.0351146704761912,6.077957092946363e-05,0.2737603220566017,0.6910642278962775
1,45,tongue,tongue,0.0839244070009299,0.0001924261657972,0.0613279346988043,0.8545552321344684
1,46,tongue,feet,0.0018859060808644,1.2478684969911596e-06,0.9208151968796424,0.0772976491709961
1,47,tongue,feet,0.1907408112112503,0.0001344590274228,0.4894851939724167,0.31963953578891
1,48,tongue,feet,0.0007050773881,1.545747599823338e-05,0.8421492054369385,0.1571302596989632
1,49,feet,feet,6.487997485494957e-07,3.5105242867982646e-08,0.5526134779029601,0.4473858381920484
1,50,right_hand,right_hand,0.0926411349755843,0.9052763258160677,0.0020607606125928,2.1778595755157863e-05
1,51,left_hand,left_hand,0.3959376511688937,0.0956242724912017,0.3226810877297863,0.1857569886101182
1,52,left_hand,left_hand,0.8966326337133227,2.6266548453663987e-05,0.0531094151422695,0.050231684595954
1,53,right_hand,right_hand,0.0289950553238677,0.970431999518091,0.0005581943148436,1.4750843197689804e-05
1,54,feet,feet,0.1674900714622596,0.0003625595407445,0.7424243803816032,0.0897229886153926
1,55,tongue,tongue,4.079062764539774e-05,4.24747749565054e-07,0.0093049334811238,0.9906538511434811
1,56,right_hand,right_hand,0.0280332179542878,0.9719138900867356,5.224182336011843e-05,6.501356164137196e-07
1,57,feet,feet,0.0004897117814002,2.057890528003941e-06,0.5950690371908679,0.4044391931372039
1,58,left_hand,left_hand,0.9231408140440746,0.0764593839478136,0.0003971097841201,2.692223991777748e-06
1,59,left_hand,left_hand,0.9953349126445292,0.0022170118726574,0.0021903541876112,0.0002577212952022
1,60,left_hand,right_hand,0.135637601752013,0.8630257836357413,0.0009415404929302,0.0003950741193152
1,61,tongue,tongue,0.0036903382602869,0.0001333618204838,0.202012461146472,0.7941638387727571
1,62,right_hand,right_hand,0.1083840297863705,0.8915813508360846,3.435469101601452e-05,2.64686528759966e-07
1,63,right_hand,right_hand,0.0229934575574859,0.5112190002049761,0.3996980377114941,0.0660895045260438
1,64,left_hand,left_hand,0.9988361017955782,0.0007376878267067,0.0003949637589293,3.124661878560128e-05
1,65,left_hand,left_hand,0.7961395247356273,0.0002222796753453,0.1643624720622909,0.0392757235267365
1,66,feet,tongue,0.0025008961754457,4.412921324512949e-05,0.3554486492795337,0.6420063253317755
1,67,left_hand,left_hand,0.948635215476855,1.3378205612670327e-05,0.0220454107520724,0.0293059955654599
1,68,right_hand,feet,0.3405487754234987,0.0189200976123528,0.6376942081699603,0.0028369187941881
1,69,tongue,feet,0.0001950070006885,9.53483053142774e-06,0.5672822251475731,0.432513233021207
1,70,tongue,tongue,2.079129574496172e-07,1.3867135501374453e-08,0.0071255662140967,0.9928742120058104
1,71,feet,feet,5.179407305283371e-06,1.6925541261190217e-08,0.7865914164332982,0.2134033872338551
1,72,left_hand,left_hand,0.9928279618799098,0.003376868275563,0.0031284325219148,0.0006667373226124
1,73,tongue,tongue,0.0006218288991219,3.631652262657563e-06,0.3778937227970141,0.6214808166516013
1,74,tongue,tongue,0.0004881113502514,1.5943260103986167e-05,0.0810483796292365,0.918447565760408
1,75,right_hand,right_hand,0.4141574503966397,0.5856809393118333,0.0001615014180551,1.0887347180335045e-07
1,76,tongue,tongue,0.000319269116466,2.218040718697059e-06,0.2275764539453294,0.7721020588974858
1,77,tongue,feet,0.0021465880479672,8.172214301388104e-05,0.78424073965299,0.2135309501560288
1,78,right_hand,right_hand,0.0110308807114113,0.9888971465557586,7.191618203544421e-05,5.6550794702697397e-08
1,79,left_hand,left_hand,0.950848656579342,0.0452521858021744,0.0036264055196451,0.0002727520988385
1,80,right_hand,right_hand,0.0002500489845889,0.7949011736763089,0.1960439633757441,0.008804813963358
1,81,feet,feet,6.935953709719904e-05,1.0232665967818048e-07,0.6341260955752951,0.3658044425609479
1,82,feet,feet,5.561254714335975e-05,2.461564410718734e-07,0.9020580882219084,0.0978860530745071
1,83,feet,feet,0.0004985443297529,7.344887183745161e-07,0.8834621209739862,0.1160386002075424
1,84,tongue,feet,0.0002874106725168,2.8427732991970144e-07,0.6574772874585718,0.3422350175915814
1,85,feet,feet,0.0024681526356047,0.0046833928954067,0.920824650452194,0.0720238040167946
1,86,left_hand,left_hand,0.9909831358997102,0.0078023464522787,0.001129767628076,8.475001993495913e-05
1,87,tongue,feet,6.295933644197995e-05,2.8961757367725653e-07,0.5395559694221765,0.4603807816238078
1,88,right_hand,right_hand,0.4253467366952845,0.5739873630810194,0.0006520042839301,1.3895939765851606e-05
1,89,feet,tongue,0.00027503124584,1.2266661173590982e-06,0.3068506650136214,0.6928730770744213
1,90,right_hand,right_hand,0.0101132526712517,0.9898706334297313,1.5867705764665577e-05,2.4619325234476253e-07
1,91,feet,feet,8.870075350192604e-05,5.716766051888456e-06,0.7137399990583903,0.2861655834220559
1,92,tongue,tongue,1.888445935745337e-05,3.6372705207087544e-08,0.0327308754240105,0.9672502037439268
1,93,right_hand,right_hand,0.061492822703672,0.9380908111182092,0.0004149465893987,1.4195887199731036e-06
1,94,feet,tongue,0.000157062610722,1.365604355234947e-07,0.0561020265991726,0.9437407742296696
1,95,left_hand,left_hand,0.7683593345991371,3.08017080242323e-05,0.0683077992467781,0.1633020644460605
1,96,left_hand,left_hand,0.993277679406485,0.0002938947941442,0.005929278841003,0.0004991469583676
1,97,left_hand,left_hand,0.6682657041612049,0.3313848199026551,0.0003480019033831,1.4740327567271147e-06
1,98,tongue,tongue,0.0018777875231406,5.048250706949521e-06,0.0351968556908292,0.9629203085353232
1,99,right_hand,left_hand,0.6429708332600216,0.3567877927897495,0.000240909717351,4.6423287794997e-07
1,100,left_hand,left_hand,0.9995391413654928,3.304590858849384e-05,0.000393353631391,3.4459094527731125e-05
1,101,feet,tongue,0.0006624459774388,1.6583151165483683e-06,0.3511054349218306,0.648230460785614
1,102,left_hand,left_hand,0.9986527051315668,0.0001334137590997,0.0003763317449774,0.0008375493643562
1,103,feet,feet,0.0048908773123646,7.572125797161486e-05,0.9780581111806296,0.0169752902490339
1,104,right_hand,right_hand,0.0127178225915007,0.98611030389206,0.0010626821715267,0.0001091913449124
1,105,tongue,tongue,1.324168788326369e-06,8.848315495821129e-09,0.009738861243521,0.9902598057393752
1,106,left_hand,left_hand,0.8527263328014577,7.475529613816243e-06,0.1328547154126714,0.014411476256257
1,107,feet,feet,0.0080419261150056,3.1366784686675965e-05,0.6264799837972354,0.3654467233030722
1,108,feet,feet,0.0114977820311617,8.922934152123944e-05,0.7363057012857621,0.252107287341555
1,109,left_hand,left_hand,0.9917879079880676,0.0001300594197619,0.0068436696628028,0.0012383629293676
1,110,feet,feet,9.82806882917176e-05,6.968212746584262e-06,0.869674079110239,0.1302206719887228
1,111,right_hand,right_hand,0.3274503367029012,0.6720863825865243,0.0004626216609314,6.590496432071363e-07
1,112,tongue,tongue,2.609863076432789e-05,6.62831959733764e-08,0.0407151814740233,0.9592586536120165
1,113,tongue,feet,0.0851914179477468,6.782610244639724e-05,0.671095065441931,0.2436456905078759
1,114,tongue,feet,0.0552159581754706,0.0002264754789099,0.5917832493253234,0.352774317020296
1,115,feet,feet,0.0056109455404828,0.0011518633872288,0.88124553616777,0.1119916549045184
1,116,left_hand,left_hand,0.9608990285959264,0.0390985102991484,2.2865612588101524e-06,1.7454366630981885e-07
1,117,tongue,tongue,1.5431396587519947e-05,1.900788280437177e-07,0.0138320434700627,0.9861523350545216
1,118,right_hand,right_hand,0.0108599620976799,0.6540830604051106,0.3048388481055436,0.0302181293916659
1,119,tongue,tongue,0.0322869076912326,7.170379935288749e-05,0.0256825595830785,0.941958828926336
1,120,right_hand,right_hand,0.1077581680428356,0.8598914225275623,0.0264320657833535,0.0059183436462485
1,121,left_hand,feet,0.0132401134309634,0.0003417142630644,0.8818917313510585,0.1045264409549134
1,122,feet,feet,7.10550133898879e-05,1.3283837205180214e-07,0.9974822438479491,0.0024465683002886
1,123,right_hand,tongue,0.1912606708396141,0.0403927544958438,0.0564648490697667,0.7118817255947754
1,124,left_hand,left_hand,0.9209941781193882,0.078665441743057,0.0003396431186882,7.370188664485878e-07
1,125,feet,feet,0.0043926574978072,0.0021102635045566,0.9292265247326128,0.0642705542650231
1,126,feet,feet,0.0035038254292609,0.0001034292399166,0.9709037949531302,0.0254889503776921
1,127,left_hand,left_hand,0.9866577517637802,3.070568294571039e-07,0.0088721045722468,0.0044698366071436
1,128,feet,feet,0.0008465038395915,0.0001552155623735,0.9858108125068504,0.0131874680911842
1,129,tongue,tongue,1.46885496972956e-06,3.001509333573813e-08,0.0019362552297171,0.99806224590022
1,130,tongue,tongue,0.0204807941543999,4.282478689095236e-06,0.2232049084218477,0.7563100149450632
1,131,right_hand,right_hand,0.0763634172861558,0.902765121815402,0.0193021273656991,0.0015693335327431
1,132,left_hand,left_hand,0.9471252372731596,9.036613195112437e-06,0.0278977845434846,0.0249679415701605
1,133,right_hand,right_hand,0.0141178272484741,0.901725108142512,0.083699567487797,0.0004574971212169
1,134,tongue,tongue,0.0027079726401275,1.7849770381379072e-05,0.3328076013922517,0.6644665761972395
1,135,right_hand,right_hand,0.031893779555385,0.959978054476423,0.0080140371221939,0.0001141288459979
1,136,tongue,feet,0.0018208385611938,8.102972027429765e-06,0.7684360447849086,0.2297350136818702
1,137,feet,tongue,0.0047689420252081,1.2771156510864783e-05,0.2522606096186533,0.7429576771996278
1,138,right_hand,right_hand,0.3391245619801898,0.6502339349532832,0.0102448490247089,0.000396654041818
1,139,right_hand,right_hand,0.1345223391018524,0.8628409798380348,0.0026330409909404,3.640069172570229e-06
1,140,right_hand,right_hand,0.003967148586755,0.9811308593928018,0.0115982936705034,0.0033036983499398
1,141,feet,feet,0.0030539424777013,2.308290286347191e-05,0.7150400579271398,0.2818829166922953
1,142,tongue,tongue,0.0012445778980631,1.054540429632114e-05,0.0798862365166383,0.9188586401810022
1,143,left_hand,left_hand,0.9480559253663218,0.0392587184030541,0.0110408865798385,0.0016444696507858
1,144,right_hand,right_hand,0.3556617662893373,0.6435542337635849,0.0007830391402752,9.608068024782309e-07
1,145,tongue,tongue,1.4128612512382246e-05,9.211314301965386e-07,0.0798597179427346,0.9201252323133228
1,146,left_hand,right_hand,0.4690869986955062,0.5307981868080657,0.0001141811087109,6.333877172547254e-07
1,147,feet,tongue,4.460436228698796e-05,3.326533968748144e-06,0.2328639357165112,0.7670881333872329
1,148,feet,feet,0.0029296813110618,0.0003769190756545,0.8729935785912264,0.1236998210220573
1,149,tongue,tongue,3.2605884000354685e-05,1.8406392495993287e-06,0.0412576661729389,0.958707887303811
1,150,left_hand,left_hand,0.8638575360089675,0.1360183220095032,0.0001050224467174,1.911953481156705e-05
1,151,left_hand,left_hand,0.9997017453254018,0.0001331581813637,0.0001526160586878,1.2480434546445824e-05
1,152,feet,tongue,0.0136100720707321,6.966544117464206e-05,0.1531094863036075,0.8332107761844858
1,153,right_hand,right_hand,0.0130663626236266,0.9869064078580744,2.695722933376494e-05,2.722889651110716e-07
1,154,tongue,feet,0.0018397699383984,2.8402961238156743e-06,0.7024645749661799,0.2956928147992978
1,155,tongue,tongue,0.0013236829877772,3.56221121133102e-06,0.0493323042344634,0.949340450566548
1,156,tongue,tongue,0.0005858928960447,8.34212562634808e-06,0.0111502419744029,0.9882555230039258
1,157,right_hand,right_hand,0.2004061095395873,0.7993961249820101,0.0001758178402592,2.19476381433512e-05
1,158,left_hand,left_hand,0.8596647487157805,0.1402760318588804,5.888873332258502e-05,3.306920163641603e-07
1,159,feet,tongue,6.553136997388496e-05,1.1216833763961791e-05,0.1484093429830841,0.8515139088131779
1,160,right_hand,right_hand,0.0065336214369183,0.9934542666998804,1.2036230619094262e-05,7.56325823067814e-08
1,161,tongue,tongue,6.208789605499536e-07,4.8754585745675455e-08,0.012866864831754,0.9871324655346996
1,162,left_hand,left_hand,0.9736276692438716,0.0249587989978377,0.0014126764209572,8.553373334910223e-07
1,163,tongue,tongue,0.0002003297395833,6.073136415142342e-07,0.378073857311301,0.6217252056354741
1,164,feet,feet,6.927577939995087e-05,7.759316627078693e-07,0.91637581731353,0.0835541309754073
1,165,right_hand,right_hand,0.0403241090193659,0.9592008231197348,0.0004717007212009,3.367139698240699e-06
1,166,tongue,feet,0.0216724299020596,0.0005242805947946,0.5601364854482467,0.4176668040548991
1,167,tongue,tongue,4.927067191902229e-05,3.188385438116683e-07,0.0208097815069334,0.9791406289826036
1,168,left_hand,left_hand,0.9915234471099772,0.0081619511975068,0.0003096908460887,4.91084642735636e-06
1,169,right_hand,right_hand,0.0865894861931342,0.8998138566601921,0.0133795287648438,0.0002171283818298
1,170,right_hand,right_hand,0.1956079208410613,0.800696345519219,0.0036594358265256,3.629781319399804e-05
1,171,feet,feet,0.0610413832782441,2.5243995865418364e-05,0.8872238761500293,0.0517094965758613
1,172,tongue,tongue,0.000161109760621,7.407558051392209e-07,0.0551578995081331,0.9446802499754406
1,173,right_hand,right_hand,0.0983945485275004,0.9006185972847222,0.0009793097979717,7.544389805609756e-06
1,174,left_hand,left_hand,0.9358294502099808,0.0002197782526593,0.0464877807442939,0.017462990793066
1,175,left_hand,left_hand,0.7344437925573709,8.483324417224609e-06,0.2558223712464278,0.009725352871784
1,176,tongue,tongue,0.0002373698712653,3.791370964510417e-06,0.3855596015305084,0.6141992372272617
1,177,right_hand,right_hand,0.0624846509260086,0.9361903596460992,0.0013221057899922,2.883637900112507e-06
1,178,left_hand,left_hand,0.9947582535080712,0.0001087401939766,0.0044171095589756,0.0007158967389764
1,179,feet,feet,0.0460537793064096,0.0006285503069139,0.5497177707110956,0.4035998996755807
1,180,right_hand,right_hand,0.102423204444514,0.8975246519414473,5.161942931701611e-05,5.24184721656455e-07
1,181,right_hand,right_hand,0.2382258579043376,0.7606173147233808,0.0010958326665468,6.0994705734830695e-05
1,182,feet,feet,0.0142488562414893,1.2524771006925516e-05,0.9597439385706784,0.0259946804168251
1,183,left_hand,left_hand,0.9890865218536438,0.0108720261067845,4.107963506122647e-05,3.7240451039120076e-07
1,184,tongue,tongue,3.0500126223995743e-05,2.0864265532995842e-07,0.281547004891466,0.7184222863396547
1,185,feet,feet,0.0330456090380145,0.0001134342791349,0.7343988070448686,0.2324421496379819
1,186,feet,feet,0.0373148221414759,1.75976840468282e-05,0.7738964470195904,0.1887711331548867
1,187,feet,feet,0.0005206442979257,9.399867437947883e-06,0.703437643569681,0.2960323122649553
1,188,feet,feet,6.16407661979242e-05,1.4664052909754302e-06,0.5439691709600677,0.4559677218684433
1,189,left_hand,left_hand,0.9626001121671316,0.0372686885725746,0.0001306642403534,5.350199406157309e-07
1,190,right_hand,right_hand,0.2278569865764074,0.7720859441020597,5.686653244517609e-05,2.0278908767921775e-07
1,191,left_hand,left_hand,0.9991678149470598,0.0002642760397622,0.000507046511032,6.0862502145924784e-05
1,192,right_hand,right_hand,0.1830804694414446,0.8168975451066549,2.1874762598357757e-05,1.1068930200708845e-07
1,193,left_hand,left_hand,0.9194418612930524,0.0792182248257066,0.0013216308594155,1.828302182569026e-05
1,194,left_hand,left_hand,0.8903763379467894,0.1093571250502761,0.000265636159922,9.008430123464348e-07
1,195,feet,feet,1.7924328351225688e-05,1.26447893447796e-07,0.9936508026163836,0.006331146607372
1,196,feet,feet,0.0299522553680362,7.859804482885556e-05,0.845997563058928,0.1239715835282067
1,197,right_hand,right_hand,0.3393580704313503,0.6603546055655177,0.0002763927808072,1.0931222324815976e-05
1,198,feet,feet,2.3046210364720465e-05,3.099975128996978e-08,0.930824826608398,0.0691520961814859
1,199,tongue,tongue,2.635644963643281e-05,2.0918067754983148e-08,0.029835256926861,0.9701383657054348
1,200,left_hand,left_hand,0.6679419647726776,0.3320040417049451,5.394322505733749e-05,5.0297320043897634e-08
1,201,tongue,tongue,0.0001469038813732,2.008758411179585e-06,0.4625135254536263,0.5373375619065892
1,202,left_hand,left_hand,0.9893102643008908,0.0104728015935812,0.0002159858120903,9.482934375247078e-07
1,203,left_hand,left_hand,0.8168935346575489,0.0058209757790742,0.1396774499132167,0.0376080396501598
1,204,right_hand,right_hand,0.3318644740118505,0.6633958204265914,0.0047347341210601,4.971440497829451e-06
1,205,tongue,tongue,0.0508180710425481,2.6461884438992024e-06,0.2209035305361794,0.7282757522328285
1,206,feet,feet,0.0017139639576723,3.183773390875984e-06,0.9428572482540292,0.0554256040149076
1,207,right_hand,right_hand,0.0718862470868251,0.9229147447014188,0.0051499538798695,4.905433188634466e-05
1,208,tongue,tongue,4.3176369326471566e-06,5.882393766981184e-08,0.0186763433191234,0.9813192802200064
1,209,feet,left_hand,0.6873184918208323,0.0003527184530436,0.2661273925994142,0.0462013971267098
1,210,tongue,feet,0.001460301920747,2.551507508184409e-05,0.7558470686134715,0.2426671143906994
1,211,feet,feet,0.00035612051385,1.4449100903394672e-05,0.9923498828201506,0.0072795475650959
1,212,tongue,tongue,7.2423180777688e-05,2.0250751244424735e-07,0.485511131412646,0.5144162428990638
1,213,right_hand,right_hand,0.0588225505995898,0.9405688632438468,0.0006038015699535,4.784586610016199e-06
1,214,right_hand,right_hand,0.2017228115139814,0.7973087180359127,0.0009667800335381,1.6904165674663511e-06
1,215,tongue,tongue,7.674191800598253e-05,1.0809024617154382e-07,0.1176586761155957,0.882264473876152
1,216,left_hand,left_hand,0.7165423167533767,0.2761890437410754,0.0072317553994245,3.688410612344269e-05
1,217,right_hand,right_hand,0.0130891032989469,0.9864568733871032,0.0004442834663722,9.73984757738881e-06
1,218,right_hand,left_hand,0.6841314050823403,0.3141053472408093,0.0017229754202378,4.0272256612550975e-05
1,219,right_hand,right_hand,0.1502941627685835,0.8495830880500376,0.0001223573418341,3.918395446342912e-07
1,220,feet,feet,0.0043573305924266,2.4795554725911216e-06,0.9113657971324038,0.0842743927196969
1,221,tongue,tongue,6.801077635372766e-05,6.886900927439745e-07,0.204955299577188,0.7949760009563654
1,222,left_hand,left_hand,0.960926661379475,0.0137837128085489,0.0252682218943189,2.1403917656930416e-05
1,223,tongue,feet,1.090687949217874e-05,3.84266187518217e-08,0.7504605514003999,0.2495285032934891
1,224,left_hand,left_hand,0.7839159204526485,0.2145411554458274,0.0015403863273066,2.537774217562432e-06
1,225,feet,feet,0.0002853312700224,0.0016910595981469,0.7190105289576532,0.2790130801741774
1,226,left_hand,left_hand,0.834533492616088,0.1632463910588152,0.002218505356776,1.6109683207647153e-06
1,227,tongue,feet,0.0021849667960859,4.806796265425494e-05,0.7101823006032661,0.2875846646379938
1,228,left_hand,left_hand,0.971846675774523,0.0281391700817278,1.4140947136519269e-05,1.3196612490765524e-08
1,229,feet,feet,0.0001933355580479,3.995873378243807e-06,0.7705460528841036,0.2292566156844701
1,230,left_hand,left_hand,0.7883613785346927,0.2115707120633792,6.769765119485426e-05,2.117507332875044e-07
1,231,right_hand,right_hand,0.0028679628666059,0.961972617174884,0.0350275000538943,0.0001319199046155
1,232,feet,feet,0.0017852429135637,6.041561068190394e-07,0.6469330074383272,0.3512811454920022
1,233,feet,feet,0.0558269341203878,8.033254046226297e-05,0.9283086019057532,0.0157841314333967
1,234,tongue,tongue,3.354866902165483e-06,3.723463209060024e-08,0.0175634371794012,0.9824331707190644
1,235,left_hand,left_hand,0.9968967948740654,0.0027195036736904,0.0003821492881803,1.5521640637554491e-06
1,236,right_hand,right_hand,0.0010130459690942,0.9279629274962492,0.0707202692897567,0.0003037572448997
1,237,tongue,tongue,1.9680034809189474e-05,2.5141084869406016e-06,0.117930925331556,0.8820468805251479
1,238,right_hand,left_hand,0.6893725109812385,0.3000098929446221,0.0105984733314676,1.912274267153212e-05
1,239,feet,feet,7.123419267621364e-05,1.002743791180032e-06,0.5725909969919419,0.4273367660715906
1,240,feet,feet,0.032151554800531,0.001204875490556,0.930904037865784,0.035739531843129
1,241,left_hand,left_hand,0.975626143288386,0.0233247822913669,0.0010415724796661,7.501940580863444e-06
1,242,tongue,tongue,8.657903738150426e-08,1.765742759396726e-08,0.0163785246135417,0.9836213711499932
1,243,right_hand,right_hand,0.319497712805264,0.6804435792268582,5.8521129795013866e-05,1.868380828558972e-07
1,244,tongue,tongue,0.0001849824778855,2.731324432640344e-06,0.2021130775234409,0.7976992086742408
1,245,left_hand,left_hand,0.5885187265399958,0.4068543414855821,0.0046000786820122,2.68532924096585e-05
1,246,left_hand,left_hand,0.9858429200573788,0.0139409156413617,0.0002160304886083,1.3381265111143588e-07
1,247,feet,feet,0.000462287444071,3.1006226409655426e-06,0.5844589796407389,0.415075632292549
1,248,feet,feet,0.0005980529656362,9.64636792824295e-06,0.5369854591546692,0.4624068415117664
1,249,right_hand,right_hand,0.2733702761363989,0.7261835394509091,0.000442195467122,3.988945569893843e-06
1,250,tongue,tongue,1.193959907212646e-07,6.390180061129981e-09,0.1221963364466483,0.8778035377671809
1,251,right_hand,right_hand,0.3509237107773457,0.6487046893830949,0.0003705105545916,1.0892849678043735e-06
1,252,right_hand,right_hand,0.183893721286168,0.8149696049732061,0.001134392372239,2.2813683867021e-06
1,253,left_hand,left_hand,0.838744351369976,0.1607480167200002,0.0005048249196715,2.8069903522865798e-06
1,254,right_hand,right_hand,0.1239052653432235,0.8750586117293832,0.0010191430187147,1.6979908678782343e-05
1,255,tongue,tongue,8.470238900574457e-07,5.1958551687616696e-08,0.1266329304228012,0.8733661705947572
1,256,tongue,tongue,0.0100211734972141,1.3003741220932718e-05,0.1716338019499853,0.8183320208115794
1,257,right_hand,right_hand,0.0700071748464027,0.92980229512071,0.0001896053245468,9.2470834049316e-07
1,258,right_hand,left_hand,0.5073206194327878,0.4923198897715609,0.0003586991318466,7.916638046709128e-07
1,259,right_hand,right_hand,0.2462558116202426,0.753714208809335,2.983791177654965e-05,1.4165864577511661e-07
1,260,right_hand,left_hand,0.5249831517763132,0.4748675880401317,0.0001435010059254,5.759177629711676e-06
1,261,tongue,tongue,2.262281202619548e-05,3.534770764396077e-08,0.0176299181490047,0.9823474236912616
1,262,tongue,tongue,2.213963040394659e-05,3.250059835653992e-07,0.0325970824765529,0.9673804528870596
1,263,feet,feet,0.0023403932432631,2.831484615777528e-05,0.7508697899077659,0.2467615020028132
1,264,tongue,tongue,1.089265181516088e-06,4.575394650469731e-08,0.0161972829965412,0.9838015819843308
1,265,left_hand,right_hand,0.4089701309659502,0.5899964546714219,0.0010327727275376,6.416350902363811e-07
1,266,right_hand,right_hand,0.0373961205000749,0.962241658378079,0.0002940174293468,6.820369249928473e-05
1,267,feet,feet,0.014983230223938,9.088822182389676e-05,0.8802033677936347,0.1047225137606034
1,268,right_hand,left_hand,0.53691586047149,0.4630195768191945,6.410835817343506e-05,4.543511420636292e-07
1,269,left_hand,left_hand,0.8446248705984651,0.1543921394321895,0.0009820202300538,9.697392914935855e-07
1,270,tongue,feet,4.937361284030502e-05,9.421718792988454e-07,0.7692763384780599,0.2306733457372206
1,271,left_hand,left_hand,0.9930116537670372,0.0068690438438733,0.0001166988842829,2.6035048063816044e-06
1,272,tongue,feet,0.0005980350949029,4.24618715701269e-05,0.5180224934382088,0.4813370095953181
1,273,left_hand,right_hand,0.4038447832232147,0.5957459294636773,0.0004049522815681,4.33503153971067e-06
1,274,left_hand,left_hand,0.9390272266485866,0.060769871047456,0.0001998876476649,3.014656292385907e-06
1,275,left_hand,left_hand,0.7770768860454388,0.2226718826121308,0.0002488633613061,2.367981124273292e-06
1,276,left_hand,left_hand,0.987283149677006,0.0123431661815907,0.0003653041854407,8.379955962357777e-06
1,277,feet,feet,6.123436915665112e-05,4.369693654187639e-06,0.9265267385385024,0.0734076573986867
1,278,feet,feet,0.0004603597702472,3.477453231980764e-05,0.5286253925887486,0.4708794731086844
1,279,tongue,tongue,6.44663652150607e-06,1.0974833933933914e-06,0.4033603234497613,0.5966321324303236
1,280,right_hand,right_hand,0.1214181862068505,0.8768008030525793,0.0017794928123454,1.5179282246061323e-06
1,281,feet,feet,0.0005304235326143,1.690538016277028e-06,0.8317480284131081,0.1677198575162612
1,282,feet,feet,0.0088848833998523,0.0001047877679176,0.9663281197017722,0.0246822091304576
1,283,feet,tongue,5.91694059076163e-06,1.238797217615625e-07,0.1448388956587002,0.8551550635209872
1,284,tongue,tongue,3.617580471187465e-05,6.763038596655944e-07,0.19588108545215,0.8040820624392785
1,285,feet,tongue,0.0008238465013739,4.16118050176375e-06,0.2314245132807668,0.7677474790373575
1,286,left_hand,right_hand,0.3694854754903654,0.630484449800388,2.991678357629884e-05,1.5792567030697636e-07
1,287,feet,tongue,1.838108344697728e-05,7.4983620914131554e-06,0.4810486469307234,0.5189254736237382
2,0,left_hand,left_hand,0.4587910373040528,0.2237877136893821,0.0703624799157067,0.2470587690908582
2,1,right_hand,feet,0.1629326388161217,0.0847645827741948,0.636573319347686,0.1157294590619973
2,2,right_hand,tongue,0.1477438894805181,0.0520347773362683,0.0449579146112736,0.7552634185719399
2,3,left_hand,feet,0.1868577442824381,0.1180989518309666,0.5105179254493246,0.1845253784372706
2,4,right_hand,feet,0.0450328594233867,0.0248040488950154,0.7737639137249489,0.1563991779566487
2,5,left_hand,right_hand,0.3340538936305726,0.3692645136090269,0.1569043376123143,0.1397772551480862
2,6,right_hand,feet,0.1651761282754296,0.0357395653208731,0.4821621134260638,0.3169221929776333
2,7,feet,feet,0.0011381597508385,0.0007861978642026,0.9972185518500364,0.0008570905349226
2,8,right_hand,right_hand,0.2685402029409942,0.6407423911677556,0.0066419834798432,0.084075422411407
2,9,tongue,left_hand,0.56586855531595,0.0425756404804995,0.0003296531677865,0.3912261510357638
2,10,left_hand,left_hand,0.4032366240996867,0.3485734965851895,0.0618621607574918,0.1863277185576317
2,11,feet,feet,0.0074057399870333,0.0049984757835701,0.9725827904531618,0.0150129937762347
2,12,right_hand,feet,0.0039174049942799,0.0103989942891887,0.985014449952755,0.0006691507637764
2,13,left_hand,right_hand,0.2627072310282057,0.5301679374279626,0.0139079452412277,0.193216886302604
2,14,tongue,left_hand,0.4674166403312519,0.1342755587823233,0.107617928763576,0.2906898721228488
2,15,tongue,tongue,0.2142621569171477,0.0383082796654407,0.0096788890497198,0.7377506743676916
2,16,tongue,tongue,0.3244615926933238,0.0995796766273785,0.0143862678511307,0.5615724628281669
2,17,tongue,tongue,0.0884127380854571,0.0431987024958883,0.4091468018048707,0.4592417576137837
2,18,tongue,tongue,0.1027099192392754,0.0095147992515044,0.0164315802484005,0.8713437012608195
2,19,left_hand,feet,0.2309141373330902,0.2554056486373067,0.4637824460195018,0.0498977680101012
2,20,feet,feet,0.0017367698146276,0.0012656070941672,0.9931958315539822,0.0038017915372227
2,21,right_hand,feet,0.0982617566956456,0.0682495230741154,0.5405771696564634,0.2929115505737755
2,22,left_hand,feet,0.0075917685679512,0.0105856706934433,0.97929861721153,0.0025239435270756
2,23,left_hand,tongue,0.2926392631127759,0.1750116151431573,0.0246248353256798,0.5077242864183868
2,24,feet,feet,0.0007549224045241,0.0016399129690493,0.9953180322847092,0.0022871323417175
2,25,tongue,feet,0.0006646855629509,0.0005263635694101,0.997238862392797,0.001570088474842
2,26,left_hand,feet,0.1282542933472538,0.3005675681277509,0.5451273572190165,0.0260507813059786
2,27,feet,feet,0.0038435198044658,0.0052716114898592,0.9825981104232048,0.00828675828247
2,28,feet,feet,0.0010407898787807,0.0010365988632574,0.9961765047640828,0.0017461064938787
2,29,feet,feet,0.004818046657997,0.0032358391977241,0.9875486570305282,0.0043974571137505
2,30,left_hand,tongue,0.1300483308880903,0.0257120729152353,0.0115598391309874,0.8326797570656869
2,31,right_hand,feet,0.14261290144139,0.2343096305894525,0.5418762427863952,0.0812012251827622
2,32,left_hand,tongue,0.1633681819584502,0.2257864192934366,0.1995515465326739,0.4112938522154392
2,33,right_hand,right_hand,0.1740801098823077,0.750279063141436,0.0299650035649462,0.04567582341131
2,34,right_hand,right_hand,0.1625163876778704,0.6212043455860191,0.0970907794211834,0.1191884873149269
2,35,left_hand,right_hand,0.0676978967779759,0.477254314705991,0.2058335081092329,0.2492142804068
2,36,right_hand,feet,0.0004991367280987,0.003847644721186,0.990556986804492,0.0050962317462231
2,37,feet,feet,4.085625828938006e-06,9.904968316979615e-06,0.9993476473056132,0.0006383621002408
2,38,right_hand,right_hand,0.0442836529610192,0.6716850145661293,0.0761415053917411,0.2078898270811102
2,39,feet,feet,2.1848315615964016e-05,0.0005475973802037,0.999251722732744,0.0001788315714361
2,40,feet,feet,1.1852919751220436e-05,0.0001429124229783,0.9997796298814376,6.56047758330521e-05
2,41,tongue,feet,0.0089348176805437,0.0106858828221881,0.8302739560682683,0.1501053434289998
2,42,feet,feet,3.002002232186185e-06,2.190489776352409e-06,0.9998503690079606,0.0001444385000308
2,43,feet,feet,0.0024882059798479,0.001021012582746,0.9843075586711444,0.0121832227662616
2,44,tongue,tongue,0.0807232757630794,0.0119943367449972,0.4283798993400627,0.4789024881518605
2,45,tongue,tongue,0.2678587326682274,0.0774913892109969,0.0036394633864719,0.6510104147343037
2,46,tongue,feet,0.0011583949113853,0.0002153927967836,0.9669277700409036,0.0316984422509276
2,47,tongue,tongue,0.2853452008253589,0.1930559231468109,0.1478937171064746,0.3737051589213555
2,48,tongue,tongue,0.1234061799293826,0.0291510864930715,0.0178883275962694,0.8295544059812763
2,49,feet,feet,0.0006887840010123,0.0009507032136317,0.994991873084406,0.0033686397009498
2,50,right_hand,feet,0.0540997990216435,0.0359943996677493,0.7004928728495985,0.2094129284610086
2,51,left_hand,tongue,0.3053431942606147,0.1598108994847763,0.0297726556411012,0.5050732506135077
2,52,left_hand,tongue,0.2305247776591733,0.2055710464543054,0.0355026418439409,0.5284015340425803
2,53,right_hand,tongue,0.1816421030294311,0.1618195390088477,0.0113320519262948,0.6452063060354262
2,54,feet,feet,0.0194077950008539,0.0389874890640102,0.8582884739310682,0.0833162420040676
2,55,tongue,tongue,0.0276818139737841,0.0120707498928682,0.2404232427159725,0.7198241934173751
2,56,right_hand,feet,0.0409000984698785,0.2974439286626383,0.6360706992006364,0.0255852736668466
2,57,feet,feet,8.612200463532014e-05,4.96237594963976e-05,0.9984291165372344,0.0014351376986336
2,58,left_hand,tongue,0.0438463690663925,0.0669162466002644,0.132472293981412,0.756765090351931
2,59,left_hand,tongue,0.077319837682368,0.040752625486822,0.0636176503351356,0.8183098864956743
2,60,left_hand,feet,0.0595412710140692,0.0447247655002273,0.4962881815022267,0.3994457819834766
2,61,tongue,tongue,0.0857753583879534,0.0452188057853156,0.2271397560445201,0.6418660797822107
2,62,right_hand,tongue,0.2729351588368655,0.242707436391702,0.1273874147349254,0.356969990036507
2,63,right_hand,right_hand,0.092560644974443,0.582369780179905,0.3161151653923672,0.0089544094532846
2,64,left_hand,tongue,0.3207509619832385,0.1694227854645717,0.0398123920171155,0.4700138605350743
2,65,left_hand,tongue,0.0569695545056095,0.0285400866507247,0.0161263915611961,0.8983639672824696
2,66,feet,feet,0.0006103488275159,0.0002727415055671,0.9951083219106234,0.0040085877562935
2,67,left_hand,tongue,0.1361649844755428,0.2330215592024883,0.2336873511067181,0.3971261052152506
2,68,right_hand,feet,0.0092861497974168,0.0041374318100119,0.9235795948472472,0.0629968235453239
2,69,tongue,feet,0.0743046456118775,0.023580620482973,0.6291910928727261,0.2729236410324232
2,70,tongue,tongue,0.0794822632030488,0.056316298613284,0.1995557965347224,0.6646456416489446
2,71,feet,feet,0.0003376104445406,0.0002199025754113,0.9946552496542294,0.0047872373258188
2,72,left_hand,left_hand,0.3896562694047545,0.3281036585612428,0.0787242174996144,0.2035158545343881
2,73,tongue,tongue,0.2283751481995023,0.0780626601868657,0.0094835984356666,0.6840785931779653
2,74,tongue,tongue,0.162962193867043,0.038839677164291,0.054321008533379,0.743877120435287
2,75,right_hand,feet,0.0184632869932863,0.0348346220139632,0.9219610729374172,0.0247410180553331
2,76,tongue,tongue,0.1047893379060342,0.0161025616566663,0.013542200530191,0.8655658999071083
2,77,tongue,tongue,0.2902927362613551,0.2563697361437084,0.1000306774691904,0.3533068501257461
2,78,right_hand,feet,0.0791407326586291,0.22150580201052,0.6692426599800321,0.0301108053508185
2,79,left_hand,tongue,0.2701347722637908,0.208879829219363,0.0480323797887945,0.4729530187280515
2,80,right_hand,feet,0.1338046086591537,0.3009863151489373,0.4125781140459368,0.1526309621459722
2,81,feet,feet,0.0002256714849008,7.918162756711125e-05,0.9954867556877628,0.0042083911997691
2,82,feet,feet,0.0013088971954586,0.0013586965816193,0.9862387477474404,0.0110936584754815
2,83,feet,feet,0.008264615898059,0.0029561555537707,0.9410988263880172,0.0476804021601528
2,84,tongue,tongue,0.1373268918906539,0.0735504464805316,0.3563490866260709,0.4327735750027435
2,85,feet,feet,0.0014990083517159,0.0004881904494435,0.977782466163686,0.0202303350351547
2,86,left_hand,left_hand,0.4593038067684957,0.3284238319691926,0.0054343257798898,0.2068380354824218
2,87,tongue,tongue,0.0168506578023347,0.0029156604248852,0.3723302746260123,0.6079034071467676
2,88,right_hand,feet,0.0832426593936552,0.0381861456057154,0.5842015980744665,0.2943695969261627
2,89,feet,feet,0.0008945905932038,0.0011449981938001,0.9965100792899058,0.0014503319230902
2,90,right_hand,right_hand,0.3796369141956794,0.3977275076957318,0.0101316170336251,0.2125039610749635
2,91,feet,feet,0.000990314787126,0.0005410879175836,0.9820502082647276,0.0164183890305626
2,92,tongue,feet,0.0025382225076647,0.0018116253394704,0.9602807315965906,0.0353694205562743
2,93,right_hand,right_hand,0.120109141808469,0.7680498553135477,0.0497013376000949,0.0621396652778883
2,94,feet,feet,0.0006025356629124,0.0007203835178271,0.9955446341114766,0.0031324467077837
2,95,left_hand,tongue,0.1484751363872034,0.0399434698494187,0.1073500297304182,0.7042313640329597
2,96,left_hand,feet,0.009810791259154,0.0299987190324539,0.880907908037964,0.0792825816704279
2,97,left_hand,feet,7.293418716743214e-06,0.0001598150742533,0.9997678123494051,6.507915762471138e-05
2,98,tongue,tongue,0.0249993007975009,0.0620170320909253,0.0766983583884447,0.836285308723129
2,99,right_hand,tongue,0.0293964779977276,0.0238900608007423,0.0542370879378401,0.8924763732636898
2,100,left_hand,feet,0.0141216105603545,0.0370698013644682,0.8664503613618466,0.0823582267133304
2,101,feet,feet,0.0092614136124322,0.166986054736693,0.8029545161897562,0.0207980154611185
2,102,left_hand,tongue,0.075480894542296,0.0290969340717542,0.0026256481334119,0.8927965232525377
2,103,feet,feet,0.0001405417169031,0.0086601263360535,0.9910940974155036,0.0001052345315398
2,104,right_hand,right_hand,0.1766707271652082,0.389446533121644,0.0675295865155604,0.3663531531975874
2,105,tongue,feet,0.015715377299851,0.0066284726017676,0.5146699340289155,0.4629862160694658
2,106,left_hand,feet,0.0013732768957075,0.0087303403140453,0.9884593220792656,0.0014370607109815
2,107,feet,feet,0.0001241305834338,0.0001454905590688,0.998700319844504,0.0010300590129931
2,108,feet,feet,0.0342933303921513,0.1126034962467195,0.7850670816749694,0.0680360916861596
2,109,left_hand,tongue,0.1597532213922083,0.1048002791217091,0.3300475050794521,0.4053989944066306
2,110,feet,feet,0.0054829543024851,0.0032012154984897,0.9483176859718908,0.0429981442271343
2,111,right_hand,tongue,0.0841437691949292,0.0164331913547297,0.0234954067216089,0.875927632728732
2,112,tongue,tongue,0.2111689675450383,0.0440201620577266,0.0133963034963242,0.7314145669009108
