subject,trial,y_true,y_pred,proba_left_hand,proba_right_hand,proba_feet,proba_tongue
1,0,left_hand,left_hand,0.7529079571984346,0.0010879868652159,0.1747025543035923,0.0713015016327571
1,1,right_hand,right_hand,0.0002765319118524,0.998092368466575,0.001545088020846,8.601160072652285e-05
1,2,right_hand,right_hand,0.2797295375166076,0.6046023685474647,0.1120013061697943,0.0036667877661332
1,3,left_hand,left_hand,0.993673404001606,0.0007601259356403,0.0049012169246539,0.0006652531380999
1,4,right_hand,right_hand,0.0681810672688549,0.9270944061910568,0.004719928247203,4.5982928852504295e-06
1,5,left_hand,left_hand,0.996177244592884,1.7553970848199687e-05,0.0031745689062328,0.0006306325300351
1,6,right_hand,right_hand,0.001057755468217,0.9986347879379358,0.0003066992998181,7.572940290567155e-07
1,7,feet,tongue,1.5152991967823192e-05,6.038432523526566e-07,0.1474885761964023,0.8524956669683775
1,8,right_hand,right_hand,0.0008344724552701,0.9932286163012252,0.0059150333213009,2.1877922203681696e-05
1,9,tongue,tongue,1.2931812529172805e-06,2.2984845205514923e-08,0.4035320932304405,0.5964665906034614
1,10,left_hand,left_hand,0.986916298070206,0.0052473549891678,0.0078198290424054,1.6517898220618135e-05
1,11,feet,tongue,8.273396204453125e-06,1.903680611522712e-06,0.308136612644477,0.691853210278707
1,12,right_hand,right_hand,0.0004796444249336,0.9918745265686392,0.0075861414896742,5.96875167528842e-05
1,13,left_hand,feet,0.1839136978502199,3.289949718715912e-05,0.52847177434461,0.2875816283079828
1,14,tongue,tongue,3.959505085810609e-06,3.5371669600596927e-06,0.0124518428172941,0.98754066051066
1,15,tongue,tongue,2.088163970443029e-06,6.919216369435933e-08,0.0496300865730302,0.9503677560708356
1,16,tongue,feet,0.0005374283646898,5.572629972387904e-06,0.5855306955490955,0.4139263034562424
1,17,tongue,tongue,0.0001496170354347,5.89999457135058e-06,0.0692725238646474,0.9305719591053464
1,18,tongue,tongue,2.064375035291936e-05,4.722880763207379e-06,0.1777791312738568,0.822195502095027
1,19,left_hand,left_hand,0.9569920787946108,0.0010377445403478,0.0312835638352761,0.010686612829765
1,20,feet,feet,0.0054231396730751,7.586963723320528e-05,0.9796328187428196,0.0148681719468722
1,21,right_hand,right_hand,0.0020829504233958,0.992667905473374,0.0052313454456793,1.7798657551036818e-05
1,22,left_hand,left_hand,0.984938960301477,0.0001844189507861,0.0095608037708899,0.0053158169768469
1,23,left_hand,feet,0.342083293867519,0.0009736200247859,0.5874270798074326,0.0695160063002624
1,24,feet,tongue,1.8853339070298684e-05,1.7986221178574858e-07,0.4192168473377455,0.5807641194609724
1,25,tongue,tongue,0.0034350619335716,4.135120837627675e-06,0.0649218827776673,0.9316389201679236
1,26,left_hand,left_hand,0.9199809347924036,0.0787431674051194,0.0011149689521696,0.0001609288503072
1,27,feet,feet,0.0030506421909988,0.0003181722509157,0.8774194494751887,0.1192117360828968
1,28,feet,tongue,0.0007784603376724,2.4670100108952702e-05,0.4360418344791009,0.5631550350831177
1,29,feet,feet,0.0066249806244887,4.347326454623818e-06,0.7061731227801323,0.2871975492689241
1,30,left_hand,left_hand,0.9713693079625774,0.0090451442135229,0.0175971738171001,0.0019883740067995
1,31,right_hand,right_hand,0.0004861582242149,0.9983988487128554,0.0010934977247743,2.1495338155280324e-05
1,32,left_hand,left_hand,0.996772982452671,0.0011534237133172,0.0018983674039837,0.000175226430028
1,33,right_hand,right_hand,0.000967536811805,0.9986643713410628,0.0003679145130272,1.7733410491085693e-07
1,34,right_hand,right_hand,0.0761157516483865,0.4776675714109444,0.259020143348558,0.187196533592111
1,35,left_hand,tongue,0.3615743481557469,0.0009876835646693,0.271790413637706,0.3656475546418777
1,36,right_hand,right_hand,0.0251882553730751,0.9336308792804512,0.0398126166095187,0.0013682487369548
1,37,feet,feet,0.0005928031818772,6.729131927130197e-06,0.5794327811812607,0.4199676865049348
1,38,right_hand,right_hand,0.0076237102069159,0.9923759989931796,2.899439676715539e-07,8.55936676787428e-10
1,39,feet,feet,0.0487159047753934,0.0002601271425531,0.7635151586492093,0.1875088094328441
1,40,feet,feet,0.0017385532777492,7.866182371668763e-05,0.9012457262791664,0.0969370586193674
1,41,tongue,tongue,3.196573286071337e-05,3.771093199499765e-06,0.0057576529340889,0.9942066102398508
1,42,feet,feet,0.002806503064896,0.0001171769072076,0.9126549040645277,0.0844214159633684
1,43,feet,feet,0.4599455954645627,0.0295640397873535,0.4843970294745412,0.0260933352735423
1,44,tongue,tongue,0.076253528592497,0.0008342842585586,0.4007409289414191,0.5221712582075252
1,45,tongue,tongue,0.1423762167472297,0.0018114097365172,0.0937104927201956,0.7621018807960575
1,46,tongue,feet,0.0021950989688122,8.051451388561074e-06,0.9561704953414856,0.0416263542383137
1,47,tongue,feet,0.1522311516028069,0.0005372769229059,0.6159817560818488,0.2312498153924383
1,48,tongue,feet,0.0019365110138313,0.0002371692070405,0.9307676768636453,0.0670586429154828
1,49,feet,feet,1.12156259373076e-06,4.042630059089465e-07,0.6846645829627249,0.3153338912116753
1,50,right_hand,right_hand,0.0216415453941205,0.9779498147176888,0.0004061623580146,2.4775301762458087e-06
1,51,left_hand,right_hand,0.2846046254166953,0.3589328363811639,0.2752564503521162,0.0812060878500243
1,52,left_hand,left_hand,0.9058340341641794,0.000119107785861,0.0662149093611897,0.0278319486887696
1,53,right_hand,right_hand,0.0053972777322785,0.994497935125242,0.0001035601958325,1.22694664674018e-06
1,54,feet,feet,0.202501868407851,0.0023574242019921,0.7337955659550395,0.0613451414351174
1,55,tongue,tongue,6.218342080651745e-05,3.855334627242711e-06,0.0093007996859118,0.9906331615586544
1,56,right_hand,right_hand,0.0045992030324517,0.9953952343016372,5.519770721728459e-06,4.289518958950887e-08
1,57,feet,feet,0.0004824451243905,9.663110849307417e-06,0.6727359372680124,0.3267719544967479
1,58,left_hand,left_hand,0.7388081990007571,0.2609362600531106,0.000254896384176,6.445619564458111e-07
1,59,left_hand,left_hand,0.989153732604434,0.0086113697457029,0.0021386066753528,9.629097451021264e-05
1,60,left_hand,right_hand,0.0254291539880065,0.9741599787113312,0.000320246436069,9.06208645929076e-05
1,61,tongue,tongue,0.0038105052952908,0.0006146825246779,0.2973211873717108,0.6982536248083204
1,62,right_hand,right_hand,0.0216157442126402,0.978379040991016,5.187727258790921e-06,2.7069085165906024e-08
1,63,right_hand,right_hand,0.0052040914912756,0.8760546224277531,0.1103161322305111,0.0084251538504599
1,64,left_hand,left_hand,0.9964072387411944,0.0032825060446155,0.0002976603791578,1.2594835032168003e-05
1,65,left_hand,left_hand,0.8285172186384901,0.0012851737060269,0.1563480466160007,0.0138495610394823
1,66,feet,feet,0.0047684342356989,0.0005217117446017,0.5489348995142895,0.4457749545054099
1,67,left_hand,left_hand,0.9637303617748448,6.745241793404202e-05,0.0213657671705284,0.0148364186366925
1,68,right_hand,feet,0.1844082278127344,0.0419965493920573,0.7724065524503355,0.0011886703448727
1,69,tongue,feet,0.0002733515983393,5.9108622832004535e-05,0.7145214980472737,0.285146041731555
1,70,tongue,tongue,4.454368447083487e-07,1.4324737095087805e-07,0.011509961685713,0.9884894496300712
1,71,feet,feet,4.43879429743731e-06,7.815884363249008e-08,0.8645230279935502,0.1354724550533086
1,72,left_hand,left_hand,0.9755664198823306,0.0211526974242914,0.0029972546604873,0.0002836280328906
1,73,tongue,feet,0.0009474275419105,2.7615805926733185e-05,0.5197801687144401,0.4792447879377225
1,74,tongue,tongue,0.0009803966903905,0.0002312603460827,0.152256571308931,0.8465317716545958
1,75,right_hand,right_hand,0.1073122401844799,0.8926499881871334,3.775699766257575e-05,1.4630724100429792e-08
1,76,tongue,tongue,0.0004949962981942,1.846165155316639e-05,0.3042942450218507,0.6951922970284018
1,77,tongue,feet,0.0013816492924606,0.0003217462305413,0.8124608720629128,0.1858357324140852
1,78,right_hand,right_hand,0.0019691099048613,0.9980195359808078,1.1348939533720616e-05,5.174797066376016e-09
1,79,left_hand,left_hand,0.7978093275765624,0.1984813925731776,0.0035793043422045,0.0001299755080553
1,80,right_hand,right_hand,5.451145731486722e-05,0.9767967107229616,0.022545963671271,0.0006028141484526
1,81,feet,feet,6.081685660943313e-05,5.258322213443022e-07,0.7572046921641995,0.2427339651469697
1,82,feet,feet,8.414845081143635e-05,2.172119958424426e-06,0.9335196188511024,0.0663940605781276
1,83,feet,feet,0.0005423609973795,4.287395273212801e-06,0.9102435389437002,0.0892098126636467
1,84,tongue,feet,0.0003504421806192,2.18714446020964e-06,0.7733484114357253,0.2262989592391951
1,85,feet,feet,0.003302929701543,0.0369615600921711,0.9153078641430566,0.0444276460632289
1,86,left_hand,left_hand,0.9610815946804748,0.038163045096285,0.0007233252820954,3.2034941144712895e-05
1,87,tongue,feet,8.503990896750834e-05,1.4216875812734333e-06,0.7553130288628332,0.2446005095406179
1,88,right_hand,right_hand,0.105594490627898,0.8942608069762207,0.0001431497849512,1.5526109298282385e-06
1,89,feet,feet,0.0004322570760068,8.034621300950245e-06,0.521202705063345,0.4783570032393473
1,90,right_hand,right_hand,0.0015161211917117,0.998482323251561,1.5370563892505722e-06,1.8500337851880108e-08
1,91,feet,feet,9.606961205727916e-05,3.940445433533449e-05,0.8496475164708586,0.150217009462749
1,92,tongue,tongue,2.7705451711394668e-05,3.513906622058363e-07,0.0649519923538589,0.9350199508037672
1,93,right_hand,right_hand,0.0090407080050929,0.9909152717467598,4.391902453115527e-05,1.0122361617476397e-07
1,94,feet,tongue,0.0002625417005623,1.2819296687462176e-06,0.0841978486584377,0.9155383277113311
1,95,left_hand,left_hand,0.789722395517234,0.0001513278570044,0.0898568940967827,0.1202693825289787
1,96,left_hand,left_hand,0.9938377450100876,0.0016706841480575,0.0043256840418474,0.0001658868000072
1,97,left_hand,right_hand,0.2896769244587039,0.7102167894805974,0.0001060419352167,2.441254818757666e-07
1,98,tongue,tongue,0.0041348791916085,7.151803014610394e-05,0.0626562440002857,0.9331373587779596
1,99,right_hand,right_hand,0.222254160394364,0.7776761275181949,6.960202111858898e-05,1.1006632255857403e-07
1,100,left_hand,left_hand,0.9994415332545804,0.0002118869541506,0.0003304494519399,1.613033932880976e-05
1,101,feet,feet,0.0010284210770078,1.7119098110106793e-05,0.5296147148159354,0.4693397450089466
1,102,left_hand,left_hand,0.9985968397619444,0.0006557268656787,0.0002593586936954,0.0004880746786814
1,103,feet,feet,0.0054464762502168,0.0004222471794112,0.9835140235430015,0.0106172530273703
1,104,right_hand,right_hand,0.0027826282253555,0.9970430917452278,0.0001602733585615,1.400667085539476e-05
1,105,tongue,tongue,2.0507835798163434e-06,7.083679100062045e-08,0.0120089384727159,0.9879889399069132
1,106,left_hand,left_hand,0.8842608843390595,3.6691569775307886e-05,0.1075942178433913,0.0081082062477739
1,107,feet,feet,0.0158824297728403,0.0003800740212554,0.7591197002538682,0.2246177959520358
1,108,feet,feet,0.0142600142748539,0.000634187345169,0.7915770252926662,0.1935287730873107
1,109,left_hand,left_hand,0.9953689164634048,0.0009097056446531,0.0033965437610445,0.0003248341308973
1,110,feet,feet,0.0001256069908178,4.109030498858258e-05,0.9318620114168128,0.0679712912873809
1,111,right_hand,right_hand,0.0766144106051573,0.9233026156203636,8.291691788841849e-05,5.685659075684877e-08
1,112,tongue,tongue,1.967351485524896e-05,2.811966356522839e-07,0.0555707237313311,0.944409321557178
1,113,tongue,feet,0.1063145781982419,0.0004841475802933,0.7529117890214744,0.1402894851999904
1,114,tongue,feet,0.0552071674373259,0.0013210733287058,0.6836497051637789,0.2598220540701894
1,115,feet,feet,0.0055944332723227,0.0067614288509161,0.8998081848745232,0.087835953002238
1,116,left_hand,left_hand,0.8393504009820983,0.1606483376997531,1.1882125107602823e-06,7.310563781116404e-08
1,117,tongue,tongue,2.5118924123886974e-05,1.2483540986615972e-06,0.0230051213946789,0.9769685113270984
1,118,right_hand,right_hand,0.0025343755687154,0.9417628135254154,0.0527871613244164,0.0029156495814527
1,119,tongue,tongue,0.0357625154963866,0.0003190251665591,0.0387194921161834,0.9251989672208708
1,120,right_hand,right_hand,0.0192627493890454,0.9766378592943332,0.003741649414859,0.0003577419017625
1,121,left_hand,feet,0.0110779899362414,0.0018406340758586,0.9320333038015102,0.0550480721863898
1,122,feet,feet,8.338633408795796e-05,7.265773731630444e-07,0.9977841919184318,0.0021316951701072
1,123,right_hand,tongue,0.2215560663235654,0.2675688873123619,0.0904766044794481,0.4203984418846245
1,124,left_hand,left_hand,0.6621807316302312,0.3376687705513738,0.0001502921072387,2.057111562479312e-07
1,125,feet,feet,0.006706267919855,0.0164118632434039,0.9262331493116888,0.050648719525052
1,126,feet,feet,0.0041906193532537,0.0006966460040915,0.9823670985877782,0.0127456360548764
1,127,left_hand,left_hand,0.99076234719831,1.356253920893522e-06,0.0075708852453312,0.0016654113024378
1,128,feet,feet,0.0009212469404654,0.0008046904565325,0.9904371200559244,0.0078369425470776
1,129,tongue,tongue,9.259415006375344e-07,9.472756290244305e-08,0.0016277717664138,0.9983712075645226
1,130,tongue,tongue,0.0358802396721935,3.720461670078347e-05,0.3296857242857617,0.634396831425344
1,131,right_hand,right_hand,0.0156438055097806,0.9785257214901142,0.0054674691386316,0.0003630038614735
1,132,left_hand,left_hand,0.9747351233201764,5.07813932846476e-05,0.0149633331842623,0.0102507621022766
1,133,right_hand,right_hand,0.0034131958341478,0.9731125920272096,0.0233772049191404,9.700721950194647e-05
1,134,tongue,tongue,0.0039756013512387,0.0001166620734961,0.4403557081835003,0.5555520283917647
1,135,right_hand,right_hand,0.0060108705101706,0.9926020000631176,0.0013763714606193,1.0757966092463644e-05
1,136,tongue,feet,0.0016916849809206,3.375807439552284e-05,0.8500319191017812,0.1482426378429027
1,137,feet,tongue,0.0074271506012583,0.0001060574673208,0.4149181297929483,0.5775486621384724
1,138,right_hand,right_hand,0.0825945698287786,0.9144699765742574,0.0028809803907788,5.447320618493632e-05
1,139,right_hand,right_hand,0.0280799966944107,0.971446584311243,0.000472911631949,5.073623971325834e-07
1,140,right_hand,right_hand,0.0005480318073914,0.9977183427553352,0.001536895698757,0.0001967297385163
1,141,feet,feet,0.0053523698462623,0.000209029773638,0.7508361920020218,0.2436024083780777
1,142,tongue,tongue,0.0024412753517421,0.0001205077332697,0.1697173705530814,0.8277208463619067
1,143,left_hand,left_hand,0.8123607855760949,0.1802500650016107,0.0068421438920748,0.0005470055302195
1,144,right_hand,right_hand,0.0750058091481691,0.9248808547836912,0.0001132452347763,9.083336332655927e-08
1,145,tongue,tongue,3.30874598813745e-05,1.1899857143534973e-05,0.1604459267179265,0.8395090859650486
1,146,left_hand,right_hand,0.148686287890186,0.85129769975411,1.595798883893095e-05,5.4366865141963086e-08
1,147,feet,tongue,6.582461167317444e-05,5.0661150992900544e-05,0.3531786227462855,0.6467048914910483
1,148,feet,feet,0.0022664100953136,0.0014592218485469,0.921878384876825,0.0743959831793144
1,149,tongue,tongue,5.743521858977404e-05,2.408822336460429e-05,0.0478965813852362,0.9520218951728094
1,150,left_hand,left_hand,0.5911071180407097,0.4088286545042682,5.938417437507801e-05,4.843280646987794e-06
1,151,left_hand,left_hand,0.9992613987283656,0.0006019139307467,0.0001309035411827,5.783799704658724e-06
1,152,feet,tongue,0.0254187805580518,0.0007875011124449,0.1980444796292376,0.7757492387002656
1,153,right_hand,right_hand,0.0019105238706486,0.998085899330519,3.5542895536025277e-06,2.2509278784996422e-08
1,154,tongue,feet,0.0028770424609362,1.713592559469198e-05,0.7720435759996355,0.2250622456138335
1,155,tongue,tongue,0.0030196056319729,3.876869469116909e-05,0.09542644315274,0.9015151825205958
1,156,tongue,tongue,0.0009786607346126,8.612124794772578e-05,0.0166342215176879,0.9823009964997516
1,157,right_hand,right_hand,0.0518388477755572,0.9481187922785116,4.025893076488347e-05,2.101015166350771e-06
1,158,left_hand,left_hand,0.566356977536099,0.4335981119335561,4.478914004326954e-05,1.21390301742756e-07
1,159,feet,tongue,0.0001767576296355,0.0001469238220334,0.2435958380159628,0.7560804805323681
1,160,right_hand,right_hand,0.0014216187343065,0.9985757695358292,2.5979565062009128e-06,1.3773357813779924e-08
1,161,tongue,tongue,1.2922423336695355e-06,5.468756181664037e-07,0.0292686691601484,0.9707294917218996
1,162,left_hand,left_hand,0.8767747478331906,0.1224292635107463,0.0007957556134577,2.330426052131297e-07
1,163,tongue,tongue,0.0001990807645898,2.6960664111945424e-06,0.4344129525849382,0.5653852705840607
1,164,feet,feet,9.18567297604592e-05,6.212928856016824e-06,0.9525536487329316,0.0473482816084516
1,165,right_hand,right_hand,0.0088514506259945,0.9910470606837568,0.00010109023007,3.984601786163641e-07
1,166,tongue,feet,0.0229741818354007,0.0027025270103741,0.7010460929563403,0.2732771981978846
1,167,tongue,tongue,6.940273790101645e-05,2.157152760520402e-06,0.0282049689267457,0.9717234711825928
1,168,left_hand,left_hand,0.9460223586254316,0.0536767920844928,0.0002980184358603,2.830854215435824e-06
1,169,right_hand,right_hand,0.0162165680363868,0.9810832052215284,0.0026831682648232,1.7058477261160884e-05
1,170,right_hand,right_hand,0.0494178690765723,0.9496324196280956,0.0009438544919252,5.856803406684556e-06
1,171,feet,feet,0.0681467506039491,0.0001809757026287,0.8987837305928394,0.0328885431005825
1,172,tongue,tongue,0.0002762319316867,7.615689907456221e-06,0.1000448713433486,0.899671281035057
1,173,right_hand,right_hand,0.0266956803158475,0.9731591485959838,0.0001447039469349,4.671412337760722e-07
1,174,left_hand,left_hand,0.942570697558377,0.0011651899369913,0.0470822314717477,0.0091818810328838
1,175,left_hand,left_hand,0.7312966278467466,4.822265116814045e-05,0.2574655294436372,0.0111896200584478
1,176,tongue,tongue,0.0002958428624574,2.2393685283799e-05,0.4022574519846333,0.5974243114676254
1,177,right_hand,right_hand,0.0112274104849946,0.9885244301851296,0.0002479571144177,2.0221545790507107e-07
1,178,left_hand,left_hand,0.9948318822715864,0.0005916155029853,0.004230105887698,0.0003463963377303
1,179,feet,feet,0.0473931661958427,0.0042762235350291,0.6203319558634495,0.3279986544056787
1,180,right_hand,right_hand,0.0198276539744098,0.980165808765756,6.5052121236715184e-06,3.204771044259643e-08
1,181,right_hand,right_hand,0.0380826642862209,0.9617432449342112,0.0001707411588467,3.3496207212763777e-06
1,182,feet,feet,0.011074554592354,4.80144433669948e-05,0.9701782814898072,0.0186991494744715
1,183,left_hand,left_hand,0.9422019515952048,0.0577591536228107,3.869670962352546e-05,1.98072361199204e-07
1,184,tongue,tongue,6.0456077687602064e-05,2.335441566094111e-06,0.4481562472743399,0.5517809612064064
1,185,feet,feet,0.0466100001853386,0.0007901730157699,0.793323942826838,0.1592758839720535
1,186,feet,feet,0.0461263357849128,0.0001003271994907,0.8203037549402726,0.1334695820753237
1,187,feet,feet,0.0007731870997808,4.786547441449506e-05,0.8207843006825629,0.1783946467432418
1,188,feet,feet,7.777801715088458e-05,7.6396999202319e-06,0.654487133145146,0.3454274491377828
1,189,left_hand,left_hand,0.79678851074806,0.2031047169086946,0.0001065614124206,2.1093082486007566e-07
1,190,right_hand,right_hand,0.050826673098032,0.949164492478272,8.816759833046386e-06,1.7663862810901686e-08
1,191,left_hand,left_hand,0.9981271221294176,0.0014797130905634,0.000374232954918,1.893182510113921e-05
1,192,right_hand,right_hand,0.0388863032357157,0.9611106061392108,3.0814539236594176e-06,9.171149696700512e-09
1,193,left_hand,left_hand,0.6900263022010038,0.3092241394247298,0.0007431325076015,6.425866664694468e-06
1,194,left_hand,left_hand,0.6267899154187719,0.3730438214175073,0.000165955179233,3.079844873979857e-07
1,195,feet,feet,1.5552040197588886e-05,5.124389761471963e-07,0.9955017548574429,0.0044821806633833
1,196,feet,feet,0.0304303569814353,0.0003732593586588,0.8995016640747939,0.0696947195851119
1,197,right_hand,right_hand,0.0757145744291751,0.9242386847730428,4.6019357683538855e-05,7.214400986376662e-07
1,198,feet,feet,2.056083402976775e-05,1.0567174159855004e-07,0.9475056356997704,0.0524736977944581
1,199,tongue,tongue,4.8466962282946977e-05,3.028996128877183e-07,0.0486998826452091,0.9512513474928952
1,200,left_hand,right_hand,0.3064042738481488,0.6935776291356494,1.8089582911197988e-05,7.433290713637388e-09
1,201,tongue,feet,0.0001505782414635,1.1553705397327236e-05,0.6485383636476163,0.3512995044055229
1,202,left_hand,left_hand,0.9452237697430786,0.0545562912292864,0.0002195483534799,3.9067415497031946e-07
1,203,left_hand,left_hand,0.7898470392884499,0.0255097528013983,0.1543777456176094,0.0302654622925421
1,204,right_hand,right_hand,0.0860117933877585,0.9129655459936952,0.0010221072810462,5.53337499719974e-07
1,205,tongue,tongue,0.0579989289533738,1.4279677360656658e-05,0.4184814881508795,0.523505303218386
1,206,feet,feet,0.0018322129586947,1.855984175231601e-05,0.9566490962796445,0.0415001309199086
1,207,right_hand,right_hand,0.0140058351550678,0.9850575168909348,0.0009304556670498,6.192286947494637e-06
1,208,tongue,tongue,4.378237886449961e-06,2.855576200470686e-07,0.0192484809264725,0.980746855278021
1,209,feet,left_hand,0.6551743237897648,0.001634750033538,0.3063143574840893,0.0368765686926077
1,210,tongue,feet,0.0017469657977154,0.0001813693111871,0.7795043893444157,0.2185672755466817
1,211,feet,feet,0.0004564724309801,0.0001077705403007,0.9921257093218724,0.0073100477068467
1,212,tongue,feet,0.000151032669443,1.6043547059900589e-06,0.6396565988515782,0.3601907641242727
1,213,right_hand,right_hand,0.0151332681568823,0.9847084188472583,0.0001577539514817,5.590443773878147e-07
1,214,right_hand,right_hand,0.0385606581531219,0.9612778279924504,0.0001613503498775,1.6350454988297656e-07
1,215,tongue,tongue,0.0001245333487465,1.358783369383897e-06,0.1926513714160059,0.807222736451878
1,216,left_hand,right_hand,0.3713127416763752,0.6236625492421185,0.0050068633696483,1.7845711857954456e-05
1,217,right_hand,right_hand,0.002637200160278,0.9972830565550151,7.89138141959771e-05,8.294705107112565e-07
1,218,right_hand,right_hand,0.2640050095564854,0.7354133544270792,0.0005757788305324,5.8571859029684106e-06
1,219,right_hand,right_hand,0.0317891973047321,0.968172623913426,3.809122143609015e-05,8.75604056036466e-08
1,220,feet,feet,0.0051127127820543,1.2500229951493304e-05,0.9215888862571916,0.0732859007308026
1,221,tongue,tongue,8.714469565462104e-05,4.719584195316899e-06,0.2988080837421545,0.7011000519779955
1,222,left_hand,left_hand,0.8892285466230081,0.0856349345807763,0.0251227512195682,1.3767576647274226e-05
1,223,tongue,feet,1.4627659054540318e-05,2.927770191165308e-07,0.8383711527536575,0.1616139268102688
1,224,left_hand,right_hand,0.3426053881085628,0.6567249703342087,0.0006691097180123,5.318392161362907e-07
1,225,feet,feet,0.0002344903279336,0.0089056075741906,0.8281155975360179,0.1627443045618576
1,226,left_hand,left_hand,0.5248063669160068,0.473723723415605,0.0014692198694245,6.89798963686868e-07
1,227,tongue,feet,0.0039475690157689,0.0004218018287337,0.7873583509771179,0.2082722781783792
1,228,left_hand,left_hand,0.8686732109845398,0.1313131883649921,1.3592813217337626e-05,7.837250809269732e-09
1,229,feet,feet,0.000223360896391,1.9990500503725223e-05,0.8113854660086318,0.1883711825944734
1,230,left_hand,right_hand,0.4292644463677336,0.5706934784448009,4.1968945884357495e-05,1.0624158116014397e-07
1,231,right_hand,right_hand,0.0007071931795896,0.9907132920901496,0.0085544043695956,2.5110360665257346e-05
1,232,feet,feet,0.0014337770910168,2.521531230341603e-06,0.6992593756734011,0.2993043257043516
1,233,feet,feet,0.071498622657883,0.0005665538845105,0.917487506605094,0.0104473168525125
1,234,tongue,tongue,3.81898763011252e-06,1.8342790572565733e-07,0.0287770286988221,0.971218968885642
1,235,left_hand,left_hand,0.9885086560384824,0.011070794513323,0.0004196161280922,9.333201021762176e-07
1,236,right_hand,right_hand,0.0001787630088562,0.9893128931305238,0.0104887736139131,1.957024670684481e-05
1,237,tongue,tongue,3.086718107267138e-05,1.609289369017996e-05,0.1471650423691874,0.8527879975560496
1,238,right_hand,right_hand,0.319267238849892,0.6761156290307907,0.0046138304475414,3.301671775905008e-06
1,239,feet,feet,6.502320703405723e-05,4.814570419871844e-06,0.6934350281113602,0.3064951341111858
1,240,feet,feet,0.0436039984134867,0.0087047339309346,0.9218129592947624,0.0258783083608161
1,241,left_hand,left_hand,0.870462496447696,0.1286166887622918,0.0009182047970902,2.6099929220182933e-06
1,242,tongue,tongue,1.8826754351430825e-07,1.52343484656307e-07,0.0406820192438387,0.9593176401451332
1,243,right_hand,right_hand,0.0731662312889997,0.9268243581842504,9.39563210323654e-06,1.4894646595036677e-08
1,244,tongue,tongue,0.0002052802954303,1.4470897373150193e-05,0.1746241212081241,0.8251561275990724
1,245,left_hand,right_hand,0.1541109003529193,0.8446497508498239,0.0012338829588203,5.465838436343382e-06
1,246,left_hand,left_hand,0.9187907506692236,0.0810367227983832,0.0001724568193097,6.97130835123296e-08
1,247,feet,feet,0.0005249611700688,2.11113830294075e-05,0.6802659664248899,0.3191879610220118
1,248,feet,feet,0.0008602802249924,5.9929041835636784e-05,0.5825866573761307,0.4164931333570411
1,249,right_hand,right_hand,0.071808944817727,0.9281324864504044,5.817685910224606e-05,3.91872766193161e-07
1,250,tongue,tongue,1.4943038682208013e-07,2.5828017057071426e-08,0.2057393050055077,0.7942605197360885
1,251,right_hand,right_hand,0.1125251613478512,0.8873785603346196,9.61798353302539e-05,9.848219904354284e-08
1,252,right_hand,right_hand,0.0515413907461948,0.9482673074723228,0.00019116406736,1.3771412216625833e-07
1,253,left_hand,left_hand,0.5084834263236601,0.4912457010449499,0.0002697553439872,1.1172874028054795e-06
1,254,right_hand,right_hand,0.0282978545695028,0.971428498732556,0.0002716207673157,2.025930625473815e-06
1,255,tongue,tongue,1.3544588814132518e-06,3.8999859441843e-07,0.234721051447237,0.7652772040952872
1,256,tongue,tongue,0.0148164915137107,0.0001102026809697,0.225015977248227,0.7600573285570924
1,257,right_hand,right_hand,0.0176187040871386,0.9823507183727884,3.046876626409158e-05,1.0877380907018253e-07
1,258,right_hand,right_hand,0.1539262666339648,0.8459958744510284,7.775612669047947e-05,1.027883162991098e-07
1,259,right_hand,right_hand,0.051831358347485,0.9481609170772972,7.701680437254297e-06,2.2894780496285313e-08
1,260,right_hand,right_hand,0.107753167406643,0.8922059922545087,3.988865879171282e-05,9.516800564440514e-07
1,261,tongue,tongue,4.348987513971378e-05,3.087348378868692e-07,0.0335748925509928,0.9663813088390296
1,262,tongue,tongue,2.6753827357151495e-05,2.196131912657872e-06,0.0276097191978304,0.9723613308428998
1,263,feet,feet,0.0026641246025342,0.0001499235474549,0.8072814046998887,0.1899045471501221
1,264,tongue,tongue,1.6493019169915814e-06,3.3989967597714e-07,0.024162560326872,0.9758354504715347
1,265,left_hand,right_hand,0.0982812264634922,0.901505218712114,0.0002134803436891,7.44807046398143e-08
1,266,right_hand,right_hand,0.0057371351196221,0.994210561875712,4.6551442503961576e-05,5.751562161864686e-06
1,267,feet,feet,0.0191458091409771,0.0007297413877814,0.9203227298707304,0.0598017196005111
1,268,right_hand,right_hand,0.2277549458060047,0.7722285733657165,1.642086457269511e-05,5.996370612465307e-08
1,269,left_hand,right_hand,0.4459625585241059,0.5535286939392685,0.0005084741314074,2.734052182620112e-07
1,270,tongue,feet,3.211202486891665e-05,2.3211333862028304e-06,0.8358795933645219,0.1640859734772231
1,271,left_hand,left_hand,0.9661656221235688,0.0337205534774033,0.0001126921795862,1.1322194415456782e-06
1,272,tongue,feet,0.0004436503969,0.0001985198971822,0.5545655362485565,0.4447922934573612
1,273,left_hand,right_hand,0.1488810566571101,0.8509793482829808,0.0001389975489816,5.975109273330175e-07
1,274,left_hand,left_hand,0.7616007804471108,0.2382593124517952,0.0001383561022472,1.5509988467021449e-06
1,275,left_hand,right_hand,0.3966765416672506,0.6032041087855102,0.0001188036018107,5.459454285690822e-07
1,276,left_hand,left_hand,0.9406110601419364,0.0590058159457337,0.00037648369295,6.640219379724111e-06
1,277,feet,feet,5.907270274081557e-05,2.5751802455346324e-05,0.953066443293998,0.0468487322008058
1,278,feet,feet,0.0004385662721327,0.0001901038777773,0.6467393722460644,0.3526319576040255
1,279,tongue,feet,6.65629500523605e-06,4.954609156471605e-06,0.6840574817957934,0.3159309073000448
1,280,right_hand,right_hand,0.0223784725542696,0.977344077655871,0.0002773843707425,6.541911681287966e-08
1,281,feet,feet,0.0006261002693637,1.1589031712848809e-05,0.8790711649581264,0.120291145740797
1,282,feet,feet,0.0139941180025792,0.0006620405383684,0.9673830032388578,0.0179608382201946
1,283,feet,tongue,9.640188313395375e-06,1.0796746540105271e-06,0.2152993983043174,0.7846898818327153
1,284,tongue,tongue,5.652646207081878e-05,4.214441431000208e-06,0.2904081696939091,0.7095310894025891
1,285,feet,tongue,0.0010779585067419,2.3352200375260105e-05,0.3898649820704726,0.6090337072224101
1,286,left_hand,right_hand,0.0936636419766042,0.9063294960444924,6.847715003231421e-06,1.4263900230823277e-08
1,287,feet,feet,2.070868790866285e-05,4.025107632619008e-05,0.6238932493835533,0.3760457908522118
2,0,left_hand,left_hand,0.5610863462843872,0.3768474995011091,0.0040224673254784,0.0580436868890252
2,1,right_hand,right_hand,0.4354388840977953,0.4572959543152856,0.0632793428542735,0.0439858187326455
2,2,right_hand,left_hand,0.4266201169261512,0.1940199528484638,0.0033941538195809,0.3759657764058038
2,3,left_hand,left_hand,0.4156095927138079,0.3856426433601317,0.0962567206725071,0.1024910432535533
2,4,right_hand,feet,0.2521444710842597,0.1776223869330789,0.3106577059784708,0.2595754360041905
2,5,left_hand,right_hand,0.4164810802100864,0.5325887500427584,0.0063948283885823,0.0445353413585727
2,6,right_hand,left_hand,0.5475562056036449,0.1961803261389306,0.087811808820572,0.1684516594368522
2,7,feet,feet,0.0282758450332475,0.0358869644544744,0.9320260260575984,0.0038111644546796
2,8,right_hand,right_hand,0.2231165766954513,0.7527052482971854,0.0005379401756611,0.0236402348317022
2,9,tongue,left_hand,0.7845724825161369,0.0757891668091026,3.336854144810284e-05,0.1396049821333122
2,10,left_hand,right_hand,0.4312923056832386,0.5144126343014246,0.0035590524374917,0.050736007577845
2,11,feet,feet,0.0811798032611233,0.0870423068159831,0.7880378222128805,0.0437400677100129
2,12,right_hand,feet,0.0366294412526298,0.1296193133801919,0.8317829269387185,0.0019683184284597
2,13,left_hand,right_hand,0.3320189221695604,0.6052099872519036,0.0005258401887721,0.0622452503897638
2,14,tongue,left_hand,0.6261499390367182,0.2790217154130692,0.0046982319002349,0.0901301136499775
2,15,tongue,left_hand,0.4774752072381433,0.1258289339022218,0.0011839539893245,0.3955119048703102
2,16,tongue,left_hand,0.5251334020672332,0.1964754098054161,0.0017737615136765,0.2766174266136741
2,17,tongue,tongue,0.3051475310044619,0.2330090377065293,0.0704784375044943,0.3913649937845145
2,18,tongue,tongue,0.3010630375373535,0.0389229703838387,0.0026770902338721,0.6573369018449358
2,19,left_hand,right_hand,0.3344209234655937,0.594508982467517,0.0562140749476547,0.0148560191192345
2,20,feet,feet,0.015108871714196,0.0196498184372421,0.9571239594107908,0.0081173504377707
2,21,right_hand,right_hand,0.3286480973517562,0.3506249005407474,0.1257744731469375,0.194952528960559
2,22,left_hand,feet,0.0720717205384965,0.1325306047849308,0.7867978239894965,0.0085998506870762
2,23,left_hand,right_hand,0.3965399922754158,0.396579288545365,0.0036697250981044,0.2032109940811146
2,24,feet,feet,0.0098552094204163,0.0278324246595085,0.9517588877321844,0.0105534781878905
2,25,tongue,feet,0.0152591552629631,0.0098068082675985,0.9632380118422889,0.0116960246271495
2,26,left_hand,right_hand,0.2514274179819908,0.676805995120905,0.0595425405672281,0.0122240463298761
2,27,feet,feet,0.0722950556746291,0.1416276351622113,0.7439637297565306,0.0421135794066288
2,28,feet,feet,0.028223307435604,0.0352398398519583,0.9264477758739458,0.0100890768384915
2,29,feet,feet,0.0669275391788962,0.0646526401930699,0.8555142801969919,0.0129055404310418
2,30,left_hand,tongue,0.3164976303898121,0.0979561996960115,0.0017044723765354,0.5838416975376408
2,31,right_hand,right_hand,0.3204284261896238,0.5671866877199644,0.0694753475133964,0.0429095385770153
2,32,left_hand,right_hand,0.2851731915425577,0.3887297692448858,0.0533561099277549,0.2727409292848014
2,33,right_hand,right_hand,0.1436571778113484,0.845271165032959,0.00076668960116,0.0103049675545327
2,34,right_hand,right_hand,0.1578575864860147,0.8226437139624518,0.001245147376068,0.0182535521754653
2,35,left_hand,right_hand,0.1361530847380311,0.786655838041957,0.0037629620888075,0.0734281151312043
2,36,right_hand,right_hand,0.0833352350100043,0.448589293310684,0.3959573257104854,0.0721181459688261
2,37,feet,feet,0.0008644590471682,0.0015152945208519,0.9860282082832956,0.011592038148684
2,38,right_hand,right_hand,0.0862683342388196,0.8456589182175984,0.0014971069964643,0.0665756405471175
2,39,feet,feet,0.0011740274454522,0.0222590704721543,0.97503755818376,0.0015293438986334
2,40,feet,feet,0.0010462925332174,0.0079780044497692,0.9898115558965236,0.0011641471204898
2,41,tongue,tongue,0.1151955204964977,0.160459841787902,0.3371977378465156,0.3871468998690845
2,42,feet,feet,0.0001160054855896,8.73938740081808e-05,0.9982474580341212,0.001549142606281
2,43,feet,feet,0.0481581191470855,0.0220036901757704,0.8749096847510596,0.0549285059260843
2,44,tongue,tongue,0.2364843605719075,0.0520081078610769,0.1519357936981383,0.5595717378688772
2,45,tongue,left_hand,0.4612806059290521,0.1296424479682529,0.0005654147891004,0.4085115313135944
2,46,tongue,feet,0.0371465952247358,0.0082734414407891,0.7050363826072916,0.2495435807271833
2,47,tongue,left_hand,0.450293779842735,0.3780842315681036,0.0068431004899187,0.1647788880992425
2,48,tongue,left_hand,0.6122952916286084,0.1086399271632342,0.0003359036233106,0.2787288775848467
2,49,feet,feet,0.1621562207722847,0.135575219518085,0.6527036657329813,0.0495648939766488
2,50,right_hand,left_hand,0.4744469149280408,0.2590794958778016,0.0965976058043646,0.1698759833897928
2,51,left_hand,left_hand,0.63969069416459,0.2826419482587863,0.0003735011594909,0.0772938564171326
2,52,left_hand,left_hand,0.555406353542075,0.3207329512516434,0.0007802789159759,0.1230804162903056
2,53,right_hand,left_hand,0.5588223862299462,0.2844835691083033,0.000278837715126,0.1564152069466244
2,54,feet,right_hand,0.2812054251423442,0.3592390487184418,0.2013337955299479,0.1582217306092658
2,55,tongue,tongue,0.2388867309978713,0.0781382125037354,0.0301463621939854,0.6528286943044079
2,56,right_hand,right_hand,0.1597335425874406,0.7921523540040869,0.0361066909697272,0.0120074124387453
2,57,feet,feet,0.010756570435987,0.0057422461843128,0.9672681813071292,0.0162330020725707
2,58,left_hand,tongue,0.1741598365309345,0.2062026939804758,0.0334648600188645,0.586172609469725
2,59,left_hand,tongue,0.391486512743077,0.1404069702736184,0.0023213496080008,0.4657851673753037
2,60,left_hand,left_hand,0.4139081051246244,0.1667810426085497,0.0544630017567201,0.3648478505101057
2,61,tongue,left_hand,0.4188609370951812,0.2167206490366361,0.0227537796285997,0.3416646342395827
2,62,right_hand,left_hand,0.5723119147656947,0.326167678693483,0.0033048957890751,0.0982155107517472
2,63,right_hand,right_hand,0.1220465335319387,0.8686645366308404,0.008163766943945,0.0011251628932759
2,64,left_hand,left_hand,0.5416041612478527,0.3905249713823736,0.0009699752774383,0.0669008920923353
2,65,left_hand,tongue,0.228665755400654,0.1016817667256362,0.0011325758506285,0.6685199020230812
2,66,feet,feet,0.0167716980332211,0.0097811585786239,0.9595667526512008,0.0138803907369542
2,67,left_hand,right_hand,0.35713919422261,0.4573280634237827,0.0114618356468901,0.1740709067067171
2,68,right_hand,feet,0.24600674470771,0.1287718711831141,0.4286130247767312,0.1966083593324445
2,69,tongue,left_hand,0.4201971304631551,0.1619774343340522,0.1250783659722412,0.2927470692305514
2,70,tongue,left_hand,0.3995308988457156,0.2155134514062087,0.0085978678690693,0.3763577818790062
2,71,feet,feet,0.0056585609409579,0.005442696431553,0.9724878538749548,0.0164108887525342
2,72,left_hand,right_hand,0.4344220171671247,0.5412987115240822,0.002050895665736,0.0222283756430571
2,73,tongue,left_hand,0.5268557328525576,0.1764155794900839,0.0005687212189925,0.2961599664383658
2,74,tongue,left_hand,0.4309523465839812,0.1373219663176905,0.0072657234827038,0.4244599636156243
2,75,right_hand,right_hand,0.1924032770135031,0.4014641391709617,0.3629737097296619,0.0431588740858732
2,76,tongue,tongue,0.3424599615886864,0.0438645551061506,0.0013410479234616,0.6123344353817013
2,77,tongue,left_hand,0.4592483144714624,0.4102648478807132,0.0056480421061588,0.1248387955416654
2,78,right_hand,right_hand,0.2539214123343594,0.6962887190785435,0.0387049408148643,0.0110849277722327
2,79,left_hand,left_hand,0.4508666099101078,0.4104997599963366,0.0028176136914599,0.1358160164020956
2,80,right_hand,right_hand,0.2867381675015485,0.6191240966994492,0.0303488956594901,0.0637888401395122
2,81,feet,feet,0.0051314251904876,0.0013747805636468,0.966563302185892,0.0269304920599734
2,82,feet,feet,0.0222121308548907,0.0207183015844079,0.9026082406013396,0.0544613269593617
2,83,feet,feet,0.1274283309321693,0.0708545800640699,0.6682593223713023,0.1334577666324582
2,84,tongue,left_hand,0.4798730623957532,0.2476762713126077,0.0375972808056485,0.2348533854859905
2,85,feet,feet,0.0568716494877612,0.0169054061546136,0.7745521165682498,0.1516708277893753
2,86,left_hand,left_hand,0.5987380566508821,0.3511147990660443,0.0001568730142501,0.0499902712688234
2,87,tongue,tongue,0.1067115493541244,0.0182977824711656,0.0758292796163049,0.799161388558405
2,88,right_hand,left_hand,0.393714736499058,0.2617678734816765,0.1102801935557261,0.2342371964635393
2,89,feet,feet,0.0371397412435445,0.0480835678941026,0.9028160494445971,0.0119606414177557
2,90,right_hand,right_hand,0.3969389562448656,0.5586372717496332,0.0004599457584837,0.0439638262470174
2,91,feet,feet,0.0143433134116426,0.0078723271923843,0.9194045919232784,0.0583797674726947
2,92,tongue,feet,0.0505223470063809,0.0358326977738875,0.7518764652270284,0.1617684899927032
2,93,right_hand,right_hand,0.125905996669361,0.8525144375645265,0.0019166895758342,0.0196628761902782
2,94,feet,feet,0.0179628221369577,0.0235581598850973,0.9351347668542584,0.0233442511236864
2,95,left_hand,tongue,0.3883772790105892,0.1070765921840032,0.0155812144416098,0.4889649143637978
2,96,left_hand,right_hand,0.233101335166349,0.4201920435591313,0.2292630092423315,0.1174436120321881
2,97,left_hand,feet,0.0035271914968982,0.0409726582342225,0.9543410557345678,0.0011590945343113
2,98,tongue,tongue,0.2410727872509225,0.271278685229117,0.0017190278696738,0.4859294996502866
2,99,right_hand,tongue,0.2786618920658919,0.1565337851959545,0.0040076138060103,0.5607967089321432
2,100,left_hand,right_hand,0.3116771134060755,0.4174460993698503,0.1418232998178381,0.1290534874062361
2,101,feet,right_hand,0.0711237413576822,0.8784438087650087,0.0396784644984434,0.0107539853788657
2,102,left_hand,left_hand,0.4470796392029996,0.1082325874838199,0.0001100137524757,0.4445777595607048
2,103,feet,feet,0.0042125708388695,0.2152059120950861,0.7801180390063085,0.0004634780597357
2,104,right_hand,right_hand,0.2679433238591753,0.6585599982638664,0.0019930218495455,0.0715036560274127
2,105,tongue,tongue,0.1856789896207108,0.0743943771169899,0.0963143584372799,0.6436122748250193
2,106,left_hand,feet,0.0380160163902979,0.2234382942664571,0.7352161073541923,0.0033295819890527
2,107,feet,feet,0.0063631643220531,0.0084819120710585,0.9789821084538052,0.0061728151530831
2,108,feet,right_hand,0.1848414667897966,0.7338991779051781,0.0525411682919327,0.0287181870130923
2,109,left_hand,left_hand,0.510783079467295,0.3269814861572198,0.0137004570709653,0.1485349773045199
2,110,feet,feet,0.1680542352068079,0.0829964118211905,0.5582540592587173,0.1906952937132842
