method,subject,trial,y_true,y_pred,proba_left_hand,proba_right_hand,proba_feet,proba_rest
ea-csp-lda,1,0,rest,rest,0.0021033821882034,0.0039436929696657,0.4329094457163929,0.5610434791257378
ea-csp-lda,1,1,feet,rest,2.148889905977728e-05,0.0002248807317547,0.2840329322098229,0.7157206981593626
ea-csp-lda,1,2,left_hand,right_hand,0.3179895628979262,0.676721749009649,0.0046576150708991,0.0006310730215255
ea-csp-lda,1,3,right_hand,right_hand,0.1694628683125041,0.82536434151741,0.0045776902488378,0.0005950999212479
ea-csp-lda,1,4,rest,rest,0.0002587563144068,0.0001593959742678,0.287897860354979,0.7116839873563463
ea-csp-lda,1,5,right_hand,right_hand,0.2241538859743583,0.7702423064380463,0.0049572397535898,0.0006465678340056
ea-csp-lda,1,6,feet,rest,0.006822035164672,0.0043390749473753,0.4563297519964114,0.5325091378915413
ea-csp-lda,1,7,left_hand,right_hand,0.292119489756925,0.7060412123287291,0.001668720067085,0.0001705778472608
ea-csp-lda,1,8,right_hand,right_hand,0.3819878863746569,0.6143326327030936,0.003303756042118,0.0003757248801314
ea-csp-lda,1,9,rest,rest,0.0011777004577957,0.002250422942699,0.3747645963319979,0.6218072802675074
ea-csp-lda,1,10,left_hand,left_hand,0.5586241500272373,0.4365680866009045,0.0042177688698872,0.0005899945019708
ea-csp-lda,1,11,feet,feet,0.2412071839394167,0.0232817226961854,0.4159270044605224,0.3195840889038754
ea-csp-lda,1,12,left_hand,right_hand,0.4163186846306927,0.576973390467317,0.0058261442272446,0.0008817806747456
ea-csp-lda,1,13,feet,rest,0.0005584244422919,0.0048539078162205,0.4502485875355214,0.5443390802059661
ea-csp-lda,1,14,rest,rest,0.0003669093568881,0.000915841300234,0.343885374626148,0.6548318747167297
ea-csp-lda,1,15,right_hand,right_hand,0.4149589884092265,0.5692626604378686,0.013513992456155,0.0022643586967498
ea-csp-lda,1,16,right_hand,right_hand,0.4759627598177182,0.5216994770311866,0.0020687597499879,0.0002690034011074
ea-csp-lda,1,17,feet,feet,0.3295350693996997,0.0086299068002678,0.3817508346635789,0.2800841891364535
ea-csp-lda,1,18,rest,left_hand,0.4166513261576166,0.2729945918626025,0.2244637271856705,0.0858903547941101
ea-csp-lda,1,19,left_hand,right_hand,0.4690143657217016,0.5291453385391905,0.0016713511207868,0.0001689446183209
ea-csp-lda,1,20,rest,rest,5.105748318822132e-05,0.0003456226447833,0.3100192204995972,0.6895840993724314
ea-csp-lda,1,21,feet,rest,0.0019135308334248,0.003567496247161,0.4439695947112119,0.5505493782082023
ea-csp-lda,1,22,left_hand,right_hand,0.3738245126094803,0.6245501702431939,0.0014769187542383,0.0001483983930874
ea-csp-lda,1,23,right_hand,right_hand,0.1209435636009119,0.8359483448481502,0.0356793363118146,0.0074287552391232
ea-csp-lda,1,24,rest,rest,0.0001606330365349,9.362102865097682e-05,0.2511656829276846,0.7485800630071294
ea-csp-lda,1,25,right_hand,right_hand,0.2929576632738678,0.6957837054864068,0.0097534470552604,0.0015051841844648
ea-csp-lda,1,26,left_hand,right_hand,0.4386892387083734,0.5592542457914346,0.0018569197109784,0.0001995957892136
ea-csp-lda,1,27,feet,feet,0.0207272729837638,0.0226533775474451,0.5428861857585745,0.4137331637102165
ea-csp-lda,1,28,feet,right_hand,0.0232482311237601,0.6236132495912827,0.2543487542362145,0.0987897650487426
ea-csp-lda,1,29,rest,rest,0.0009133814358582,0.0016229594246193,0.3844271100423576,0.6130365490971648
ea-csp-lda,1,30,right_hand,left_hand,0.555155664642729,0.4396904139484022,0.0044995053250552,0.0006544160838134
ea-csp-lda,1,31,left_hand,left_hand,0.5335950472978606,0.4585362242034443,0.0068181860021356,0.0010505424965594
ea-csp-lda,1,32,feet,rest,0.0158836605994452,0.0021942281118813,0.4520936735065348,0.5298284377821386
ea-csp-lda,1,33,left_hand,left_hand,0.6250319736676775,0.37108663875929,0.0034018064592951,0.0004795811137372
ea-csp-lda,1,34,right_hand,right_hand,0.1362567856715822,0.8263785091185022,0.0312457993178823,0.006118905892033
ea-csp-lda,1,35,rest,rest,0.0001332109004142,0.000261843627048,0.294646013758929,0.7049589317136087
ea-csp-lda,1,36,right_hand,right_hand,0.237342978851938,0.7258790539791972,0.0304414928154892,0.0063364743533755
ea-csp-lda,1,37,rest,rest,0.0042341769898329,0.0092040362496018,0.4459305312299922,0.5406312555305728
ea-csp-lda,1,38,feet,feet,0.1861382094223006,0.0902746277608434,0.468436936762005,0.2551502260548509
ea-csp-lda,1,39,left_hand,left_hand,0.5997200418274431,0.3763147978569092,0.019434131411742,0.0045310289039058
ea-csp-lda,1,40,feet,rest,4.4919244617086334e-05,0.0003021862349435,0.3126888868540025,0.6869640076664367
ea-csp-lda,1,41,left_hand,left_hand,0.6277219139350482,0.3478149667837004,0.0203709106540827,0.0040922086271687
ea-csp-lda,1,42,right_hand,right_hand,0.0453333501126641,0.8855780114591045,0.0541576077939482,0.0149310306342831
ea-csp-lda,1,43,rest,feet,0.0356648686691345,0.0109495197279863,0.5025703107955718,0.4508153008073073
ea-csp-lda,1,44,rest,rest,0.0026690924533779,0.002156607424856,0.4103546243241039,0.5848196757976619
ea-csp-lda,1,45,left_hand,right_hand,0.4696426462002202,0.528197859321594,0.0019345868610121,0.0002249076171735
ea-csp-lda,1,46,feet,rest,0.0007135037669571,0.0015459915834975,0.4029067375355333,0.5948337671140119
ea-csp-lda,1,47,right_hand,left_hand,0.5475737884455181,0.4291950219621523,0.0192480068946537,0.0039831826976757
ea-csp-lda,1,48,feet,rest,0.0055758280382132,0.0005938336598048,0.3786770352399822,0.6151533030619997
ea-csp-lda,1,49,rest,rest,0.002676068126443,0.020815489015665,0.4728483615552973,0.5036600813025947
ea-csp-lda,1,50,right_hand,right_hand,0.4284296875817104,0.5682414957348182,0.0029760480071461,0.0003527686763252
ea-csp-lda,1,51,left_hand,left_hand,0.5614910564708943,0.4235826738308969,0.012854050954168,0.0020722187440406
ea-csp-lda,1,52,rest,rest,3.980705817320358e-05,0.0001934149543164,0.2735298587076588,0.7262369192798515
ea-csp-lda,1,53,right_hand,right_hand,0.382955617761464,0.5895997251033109,0.0231077576770244,0.0043368994582006
ea-csp-lda,1,54,feet,rest,0.0009034880227305,0.0009584531821394,0.3684105741620718,0.6297274846330582
ea-csp-lda,1,55,left_hand,left_hand,0.5149280276492773,0.4623832497350614,0.0186607094608755,0.0040280131547857
ea-csp-lda,1,56,right_hand,right_hand,0.2142691696312934,0.7190472846469069,0.0534830310879454,0.0132005146338541
ea-csp-lda,1,57,feet,rest,0.000315638175422,0.0004501441463517,0.3087531689660738,0.6904810487121524
ea-csp-lda,1,58,left_hand,left_hand,0.6035984539086864,0.3903631977297219,0.0051905759890854,0.0008477723725062
ea-csp-lda,1,59,rest,rest,1.0157319508824596e-05,9.13400333450196e-05,0.2579428088074131,0.7419556938397329
ea-csp-lda,1,60,feet,rest,0.0003771611711515,0.000792654932353,0.3481691767744358,0.6506610071220598
ea-csp-lda,1,61,rest,feet,0.0138527788376829,0.0244157406629848,0.5304722145884839,0.4312592659108482
ea-csp-lda,1,62,left_hand,right_hand,0.4572838179690075,0.5335548605080973,0.0080440070379808,0.0011173144849144
ea-csp-lda,1,63,right_hand,right_hand,0.3863200940900292,0.6097935860297898,0.0034567113575773,0.0004296085226035
ea-csp-lda,1,64,left_hand,left_hand,0.786070694074578,0.1972373075545057,0.0139455226496667,0.0027464757212495
ea-csp-lda,1,65,feet,feet,0.152172488522269,0.0770832524415276,0.4678226893658576,0.3029215696703457
ea-csp-lda,1,66,right_hand,right_hand,0.2720811024195981,0.6721636311551944,0.0452886995377409,0.0104665668874664
ea-csp-lda,1,67,rest,rest,0.0001423822462418,0.0001374343495476,0.2771466545865599,0.7225735288176505
ea-csp-lda,1,68,right_hand,right_hand,0.3513822460643219,0.6442993834210634,0.0037576510836045,0.0005607194310101
ea-csp-lda,1,69,left_hand,left_hand,0.8701542145181709,0.1232063257814626,0.0055454083210189,0.0010940513793476
ea-csp-lda,1,70,feet,rest,0.0002322561861057,0.0002825915135218,0.3244493277765269,0.6750358245238456
ea-csp-lda,1,71,rest,rest,0.010337567797189,0.0056923697478129,0.4423370277932502,0.5416330346617478
ea-csp-lda,1,72,left_hand,left_hand,0.6608340466156443,0.3375818755614947,0.0014200420886455,0.0001640357342154
ea-csp-lda,1,73,feet,rest,3.793539785194699e-05,6.40657797859894e-05,0.2702883752379104,0.7296096235844516
ea-csp-lda,1,74,right_hand,right_hand,0.4100447305747867,0.57524069804293,0.012520431815888,0.0021941395663952
ea-csp-lda,1,75,rest,rest,0.0119796154690262,0.0011033370998917,0.4519839129362405,0.5349331344948415
ea-csp-lda,1,76,right_hand,right_hand,0.2474045549628566,0.7503848947688824,0.0020003841505809,0.0002101661176799
ea-csp-lda,1,77,feet,rest,0.0001198974665672,0.0009476687070081,0.3543368769438729,0.6445955568825517
ea-csp-lda,1,78,rest,rest,0.0015068111138654,0.0034438636601181,0.4197590001943867,0.5752903250316296
ea-csp-lda,1,79,left_hand,left_hand,0.6613424879994102,0.3282785717346882,0.0088763568053086,0.0015025834605929
ea-csp-lda,1,80,left_hand,right_hand,0.4516786904905071,0.5465681893124378,0.0015717287564193,0.0001813914406357
ea-csp-lda,1,81,rest,rest,0.0020866165175789,0.0016767044431131,0.4228859880573021,0.5733506909820059
ea-csp-lda,1,82,right_hand,right_hand,0.1416064372737996,0.8534820362955284,0.0043025904015197,0.0006089360291522
ea-csp-lda,1,83,feet,rest,0.0112514440508328,0.0003448223148422,0.3548631703099043,0.6335405633244207
ea-csp-lda,1,84,feet,rest,0.0033342986824631,0.0030750712609034,0.395973545640814,0.5976170844158194
ea-csp-lda,1,85,right_hand,right_hand,0.3512016190440965,0.6457953065338831,0.0026804693169856,0.0003226051050348
ea-csp-lda,1,86,rest,rest,0.0020300580609181,0.000478188143237,0.3623901980095624,0.6351015557862825
ea-csp-lda,1,87,left_hand,right_hand,0.3950948077940089,0.5993911210186924,0.0048527623117172,0.0006613088755814
ea-csp-lda,1,88,feet,rest,0.0014208894958926,0.0011748291337554,0.3968378965410858,0.600566384829266
ea-csp-lda,1,89,rest,rest,0.0023772564660729,0.0014572712852584,0.4083293361030592,0.5878361361456094
ea-csp-lda,1,90,left_hand,right_hand,0.3549337456314538,0.641632323760854,0.0030950985304224,0.0003388320772697
ea-csp-lda,1,91,right_hand,right_hand,0.2206297667450512,0.7760670793003147,0.0029341378335535,0.0003690161210805
ea-csp-lda,1,92,rest,feet,0.0160070601305102,0.0186119381311578,0.4970500547758911,0.4683309469624407
ea-csp-lda,1,93,left_hand,left_hand,0.5736207408641062,0.4214151923277122,0.0043238171968561,0.0006402496113253
ea-csp-lda,1,94,feet,rest,0.0003004878599253,0.0012751724677482,0.367202918967537,0.6312214207047894
ea-csp-lda,1,95,right_hand,left_hand,0.6628653563280336,0.3345994409463641,0.0022048097155354,0.0003303930100667
ea-csp-lda,1,96,left_hand,left_hand,0.7804178271598565,0.2112316566891923,0.0070747438928217,0.0012757722581294
ea-csp-lda,1,97,feet,rest,0.0006845601714932,0.0016724484477139,0.3804047025949045,0.6172382887858883
ea-csp-lda,1,98,right_hand,left_hand,0.5287514131448103,0.4680454078203047,0.0028456305937378,0.0003575484411469
ea-csp-lda,1,99,rest,rest,0.0002473949720004,0.0024310341898197,0.3966530267936073,0.6006685440445724
ea-csp-lda,1,100,feet,feet,0.0565084311516507,0.0389818038815281,0.4814448446530821,0.423064920313739
ea-csp-lda,1,101,right_hand,right_hand,0.0967222900609093,0.8752473553507308,0.023455321077918,0.0045750335104417
ea-csp-lda,1,102,left_hand,right_hand,0.3607507512202066,0.6358672836656174,0.0030324092557619,0.0003495558584139
ea-csp-lda,1,103,rest,rest,0.000655200147646,0.0032791430503677,0.3989287869135541,0.5971368698884322
ea-csp-lda,1,104,rest,feet,0.2042516581134089,0.129101882954107,0.4352073711369226,0.2314390877955612
ea-csp-lda,1,105,left_hand,right_hand,0.2522972622561771,0.7431157375034086,0.0040870790610328,0.0004999211793813
ea-csp-lda,1,106,feet,rest,0.0005482093219674,0.0031752245053441,0.4013482682278334,0.5949282979448549
ea-csp-lda,1,107,right_hand,right_hand,0.0804878237882363,0.9091107178629378,0.0091170807012929,0.0012843776475327
ea-csp-lda,1,108,feet,rest,2.824934683339622e-05,7.894087421358069e-05,0.2686270662224637,0.7312657435564893
ea-csp-lda,1,109,rest,rest,5.503157244978646e-05,0.000131613830905,0.2668173375236006,0.7329960170730445
ea-csp-lda,1,110,left_hand,left_hand,0.7345562949024091,0.249908729655568,0.0129423772808216,0.0025925981612011
ea-csp-lda,1,111,right_hand,right_hand,0.261288889176202,0.6927362784633896,0.0375043935837337,0.0084704387766746
ea-csp-lda,1,112,feet,rest,5.198933613248848e-05,0.0001046690437647,0.2444144526830154,0.7554288889370874
ea-csp-lda,1,113,rest,rest,0.0014103376129064,0.0023283559186488,0.3845902769113044,0.6116710295571403
ea-csp-lda,1,114,right_hand,right_hand,0.2435863270677395,0.7537883106965321,0.0023528161320105,0.0002725461037178
ea-csp-lda,1,115,left_hand,left_hand,0.5685149704002129,0.4285688654952794,0.0025720172977686,0.0003441468067391
ea-csp-lda,1,116,rest,right_hand,0.2068565626914868,0.6145069875502498,0.1390607277061057,0.0395757220521576
ea-csp-lda,1,117,right_hand,right_hand,0.2784789996354043,0.7077633221483713,0.0118439982619463,0.0019136799542778
ea-csp-lda,1,118,feet,rest,0.0165580566537948,0.0042034667256379,0.4439567232568644,0.5352817533637028
ea-csp-lda,1,119,left_hand,right_hand,0.4260182789820442,0.5625266102125783,0.0099583357550514,0.001496775050326
ea-csp-lda,1,120,rest,left_hand,0.6743060443598036,0.2795325476108589,0.0376621555045351,0.0084992525248023
ea-csp-lda,1,121,right_hand,right_hand,0.1902877649823829,0.8024672431229298,0.0063496175808461,0.0008953743138411
ea-csp-lda,1,122,feet,feet,0.0103122386728152,0.0190862029315709,0.4858747736218728,0.4847267847737407
ea-csp-lda,1,123,left_hand,right_hand,0.2912933757515652,0.7032193595818679,0.0048125063094921,0.0006747583570746
ea-csp-lda,1,124,left_hand,left_hand,0.5606186549975167,0.4334332031015687,0.005173296003899,0.0007748458970154
ea-csp-lda,1,125,right_hand,right_hand,0.0958261653382164,0.8798560866054845,0.0205578614103885,0.0037598866459104
ea-csp-lda,1,126,feet,left_hand,0.5538153632360302,0.4344944265754755,0.0100301271899664,0.0016600829985279
ea-csp-lda,1,127,rest,rest,5.181845637573299e-05,8.657235118192037e-05,0.2686179855874787,0.7312436236049635
ea-csp-lda,1,128,left_hand,feet,0.3013062480659081,0.0039084968616709,0.39040803041738,0.3043772246550407
ea-csp-lda,1,129,rest,left_hand,0.4547665913471996,0.3629264087056841,0.1375036834351276,0.0448033165119885
ea-csp-lda,1,130,right_hand,right_hand,0.3541205680493486,0.6370766605507926,0.0076468501383214,0.0011559212615373
ea-csp-lda,1,131,feet,rest,0.000711840540573,0.0001252530527397,0.3225436268648172,0.6766192795418701
ea-csp-lda,1,132,rest,rest,0.0008125461130445,0.0008677632656124,0.3629523165516898,0.6353673740696534
ea-csp-lda,1,133,feet,rest,0.0004656923630715,0.000696015700187,0.3285297940311324,0.6703084979056089
ea-csp-lda,1,134,left_hand,left_hand,0.6740768224639314,0.3178461400157183,0.0068285869982911,0.0012484505220591
ea-csp-lda,1,135,right_hand,right_hand,0.1055729707585666,0.8650685353217265,0.0247727947265023,0.0045856991932044
ea-csp-lda,1,136,left_hand,left_hand,0.4992843936083461,0.4976653767940965,0.0027045193457786,0.0003457102517786
ea-csp-lda,1,137,rest,rest,0.0005508983019329,0.0047709827915922,0.4461365494797044,0.5485415694267703
ea-csp-lda,1,138,right_hand,right_hand,0.2037076352750776,0.7844262435500866,0.0102914480301117,0.0015746731447239
ea-csp-lda,1,139,feet,rest,0.0002013953698195,0.0006564520116266,0.3747472206262109,0.6243949319923429
ea-csp-lda,1,140,rest,rest,0.0003804253946219,0.0007699543479514,0.3357226109510986,0.663127009306328
ea-csp-lda,1,141,right_hand,left_hand,0.5310131247924645,0.4679446027295305,0.0009442187005355,9.805377746920112e-05
ea-csp-lda,1,142,feet,feet,0.0113660481556198,0.0109968425589423,0.5004737446449711,0.4771633646404666
ea-csp-lda,1,143,left_hand,left_hand,0.6602766433413222,0.3385346752200651,0.0010669718979187,0.000121709540694
ea-csp-lda,1,144,left_hand,right_hand,0.4496543348387057,0.5466390781060751,0.0032772575462853,0.0004293295089336
ea-csp-lda,1,145,right_hand,right_hand,0.2738464255560022,0.7157563635232714,0.0091427805514718,0.0012544303692544
ea-csp-lda,1,146,rest,right_hand,0.2271404957930316,0.7651395726108009,0.0067971413479554,0.000922790248212
ea-csp-lda,1,147,feet,rest,0.0100236679598843,0.0038153809208057,0.4378072892527908,0.5483536618665191
ea-csp-lda,1,148,rest,feet,0.0053634565089622,0.0334197663696938,0.5071281198200442,0.4540886573012997
ea-csp-lda,1,149,feet,left_hand,0.5480734913389177,0.0289224850220654,0.2715160041165783,0.1514880195224385
ea-csp-lda,1,150,left_hand,left_hand,0.7438697993713626,0.2530652431817498,0.0026931700979274,0.0003717873489603
ea-csp-lda,1,151,right_hand,right_hand,0.3335701149278943,0.6599976012024381,0.0056346073337837,0.0007976765358837
ea-csp-lda,1,152,rest,rest,0.0090906154726303,0.0049400685100356,0.43148385257706,0.5544854634402739
ea-csp-lda,1,153,feet,rest,0.005122129880449,0.0006236523878651,0.3738755804971823,0.6203786372345034
ea-csp-lda,1,154,right_hand,right_hand,0.483904193149541,0.5120828362151231,0.0035241156921577,0.0004888549431782
ea-csp-lda,1,155,left_hand,left_hand,0.8311305246982803,0.1417006384642599,0.0218400095382343,0.0053288272992254
ea-csp-lda,1,156,left_hand,right_hand,0.3119457568643665,0.6847693949316118,0.0029341213537178,0.0003507268503038
ea-csp-lda,1,157,feet,rest,0.0067097282738007,0.0005464523918934,0.3607637535319279,0.6319800658023779
ea-csp-lda,1,158,right_hand,right_hand,0.3888806789067036,0.6066924746367541,0.0038924402252996,0.0005344062312426
ea-csp-lda,1,159,rest,rest,0.0014096918837867,0.0015286418534101,0.3780039136391773,0.6190577526236258
ea-csp-lda,1,160,right_hand,right_hand,0.4850803226807553,0.514023032045834,0.0008195860534512,7.705921995942864e-05
ea-csp-lda,1,161,feet,feet,0.0913521184594517,0.1267974943059554,0.5064040577667581,0.2754463294678345
ea-csp-lda,1,162,left_hand,right_hand,0.3936098322481365,0.6010777501501694,0.0046615857495338,0.0006508318521602
ea-csp-lda,1,163,rest,feet,0.0086830493807232,0.2021487446045809,0.4756090148199211,0.3135591911947746
ea-csp-lda,1,164,right_hand,right_hand,0.2107876303460414,0.783259565489834,0.0052270671249928,0.0007257370391318
ea-csp-lda,1,165,rest,feet,0.1294847254027451,0.0511623022776257,0.4883108242636529,0.331042148055976
ea-csp-lda,1,166,feet,left_hand,0.4785175538693169,0.0409041280094768,0.3187937276232719,0.1617845904979344
ea-csp-lda,1,167,left_hand,right_hand,0.4939060027365843,0.502971646213885,0.002749850417701,0.0003725006318296
ea-csp-lda,1,168,right_hand,right_hand,0.4252695637397923,0.5736547061863638,0.0009795465719028,9.618350194106124e-05
ea-csp-lda,1,169,left_hand,left_hand,0.5891667160626085,0.409878652265739,0.0008639366280732,9.069504357930574e-05
ea-csp-lda,1,170,rest,feet,0.003449178198903,0.286013831412413,0.4746001486825416,0.2359368417061421
ea-csp-lda,1,171,feet,feet,0.0451465471961266,0.0049023805071402,0.4868593622728518,0.4630917100238811
ea-csp-lda,1,172,right_hand,left_hand,0.6785484699930993,0.3193585541494146,0.0018367284475138,0.0002562474099722
ea-csp-lda,1,173,feet,rest,0.0014038212431752,0.0008127131971383,0.3770694169886757,0.6207140485710106
ea-csp-lda,1,174,left_hand,right_hand,0.3983654204229691,0.595092902933759,0.0057058305608761,0.0008358460823956
ea-csp-lda,1,175,rest,feet,0.0020367512541034,0.0411139557968516,0.4973642972490153,0.4594849957000295
ea-csp-lda,1,176,feet,feet,0.113790814103257,0.0401607326682739,0.5041313698190538,0.3419170834094153
ea-csp-lda,1,177,right_hand,right_hand,0.1076460301717694,0.8861871766347206,0.00543961568266,0.0007271775108499
ea-csp-lda,1,178,rest,rest,0.0007369099690683,0.0019940538370903,0.3658929556973786,0.6313760804964627
ea-csp-lda,1,179,left_hand,left_hand,0.6645235568246297,0.3344538445271732,0.0009258388625717,9.675978562532752e-05
ea-csp-lda,1,180,right_hand,right_hand,0.2618236990332361,0.7345249009301799,0.0032709771286245,0.0003804229079593
ea-csp-lda,1,181,rest,feet,0.145684742608902,0.0856859131638792,0.4805385747443781,0.2880907694828405
ea-csp-lda,1,182,left_hand,right_hand,0.4772408368179756,0.5187177229827487,0.0035910212444682,0.0004504189548075
ea-csp-lda,1,183,feet,rest,0.0010011837461382,0.0002340313217665,0.3288146285152653,0.6699501564168299
ea-csp-lda,1,184,rest,rest,0.0013557062375831,0.0054007273030378,0.4355760903307388,0.5576674761286402
ea-csp-lda,1,185,feet,feet,0.1660540325436034,0.0096851919873706,0.4622336795482512,0.3620270959207746
ea-csp-lda,1,186,left_hand,right_hand,0.4274793915968036,0.5720912275649663,0.0003975769101378,3.180392809215935e-05
ea-csp-lda,1,187,right_hand,right_hand,0.3527537874039804,0.6458969196993474,0.0012237962182291,0.000125496678443
ea-csp-lda,1,188,feet,rest,0.000111490766301,6.29250260868112e-05,0.261475736275971,0.7383498479316412
ea-csp-lda,1,189,left_hand,left_hand,0.5796218404388273,0.4125896231278039,0.0067681229080538,0.0010204135253148
ea-csp-lda,1,190,right_hand,right_hand,0.0252114863478132,0.943776625031686,0.0257572904343711,0.0052545981861296
ea-csp-lda,1,191,rest,rest,0.0097150959815762,0.0200052689232456,0.4849399599781231,0.4853396751170551
ea-csp-lda,1,192,left_hand,left_hand,0.6523519633426413,0.3460951911614961,0.0013836452883279,0.0001692002075345
ea-csp-lda,1,193,rest,feet,0.0949201465666014,0.1204181289343739,0.5020175688408073,0.2826441556582175
ea-csp-lda,1,194,right_hand,right_hand,0.2849742370930569,0.7142380929728491,0.0007321230007314,5.554693336252433e-05
ea-csp-lda,1,195,feet,feet,0.2673644880146352,0.0096286369397743,0.4139093436902582,0.3090975313553321
ea-csp-lda,1,196,feet,rest,0.0002871595594509,0.0028629553791073,0.4274287533890293,0.5694211316724125
ea-csp-lda,1,197,rest,left_hand,0.5636749004162939,0.399424227488622,0.0307056859666229,0.0061951861284612
ea-csp-lda,1,198,right_hand,right_hand,0.4435352802853715,0.5451535721933293,0.0097821244564354,0.0015290230648636
ea-csp-lda,1,199,left_hand,left_hand,0.54286006731903,0.4495691308513892,0.0066123209725715,0.000958480857009
ea-csp-lda,1,200,rest,right_hand,0.3388167576796925,0.6412515968874977,0.0168464696330613,0.0030851757997484
ea-csp-lda,1,201,feet,right_hand,0.1845702072050644,0.7987700095302012,0.0137211968165031,0.0029385864482312
ea-csp-lda,1,202,right_hand,right_hand,0.438535774862601,0.5525538342798241,0.0077094098574513,0.0012009810001235
ea-csp-lda,1,203,left_hand,right_hand,0.4612826611319273,0.5339614194306671,0.0042451705767099,0.0005107488606956
ea-csp-lda,1,204,left_hand,right_hand,0.2199591221380117,0.7679623555706194,0.0103807065446519,0.0016978157467168
ea-csp-lda,1,205,right_hand,right_hand,0.1629915525646083,0.8350650276511637,0.0017654851109447,0.0001779346732831
ea-csp-lda,1,206,feet,rest,0.0667973039686642,0.0015460520119587,0.4324534276625081,0.4992032163568689
ea-csp-lda,1,207,rest,feet,0.0230887229219775,0.0143545550403679,0.4968112982944626,0.4657454237431919
ea-csp-lda,1,208,right_hand,right_hand,0.197907882604935,0.8007050786394122,0.0012699687939342,0.0001170699617186
ea-csp-lda,1,209,rest,rest,0.000516762553012,0.0004620845811317,0.3403800084340887,0.6586411444317675
ea-csp-lda,1,210,feet,rest,0.0030285435388486,0.0016731122172493,0.4013146204886798,0.5939837237552221
ea-csp-lda,1,211,left_hand,left_hand,0.5352455844482452,0.4288876186292696,0.0298285590399649,0.0060382378825201
ea-csp-lda,1,212,right_hand,right_hand,0.1360073075208363,0.8286051691730462,0.0296133376347022,0.0057741856714153
ea-csp-lda,1,213,feet,rest,0.0012454968930103,0.0002572059022605,0.3139796758382402,0.6845176213664889
ea-csp-lda,1,214,left_hand,left_hand,0.814360193062739,0.1627680258010516,0.0189210826510134,0.003950698485196
ea-csp-lda,1,215,rest,rest,0.0012090513932809,0.0086144082671226,0.4511309773341584,0.5390455630054379
ea-csp-lda,1,216,rest,rest,0.0031926100777105,0.0013825259093733,0.3663237274710934,0.6291011365418228
ea-csp-lda,1,217,feet,feet,0.2530730106619613,0.0062136363527099,0.3767629221513808,0.363950430833948
ea-csp-lda,1,218,left_hand,left_hand,0.5238963616595206,0.4745972095877339,0.0013580258738519,0.0001484028788935
ea-csp-lda,1,219,right_hand,right_hand,0.2191806547513244,0.7778186972577843,0.0026821140581134,0.0003185339327777
ea-csp-lda,1,220,left_hand,left_hand,0.5021042065171298,0.496058588599004,0.0016570157473671,0.000180189136499
ea-csp-lda,1,221,rest,rest,1.623360702760503e-05,0.0004040880698531,0.3440622770626118,0.6555174012605075
ea-csp-lda,1,222,right_hand,right_hand,0.113036571701866,0.8774687076032427,0.008195699737242,0.0012990209576493
ea-csp-lda,1,223,feet,rest,0.0011464980216621,0.0012001528280882,0.3784061340869861,0.6192472150632635
ea-csp-lda,1,224,right_hand,right_hand,0.222933114644756,0.7717881611343737,0.0046301128892305,0.0006486113316398
ea-csp-lda,1,225,left_hand,right_hand,0.4443208859064758,0.5496243689968587,0.0052881701850634,0.000766574911602
ea-csp-lda,1,226,rest,right_hand,0.1578015484608346,0.5307790971432411,0.2228940778167957,0.0885252765791286
ea-csp-lda,1,227,feet,rest,6.921436430983595e-05,0.0001160597991811,0.2712765132618146,0.7285382125746944
ea-csp-lda,1,228,right_hand,right_hand,0.4898546401157851,0.4971044735930734,0.0109489689932748,0.0020919172978664
ea-csp-lda,1,229,left_hand,left_hand,0.5617406127659248,0.4351335668962167,0.0027931592979258,0.0003326610399324
ea-csp-lda,1,230,feet,feet,0.0702202667986155,0.0399337498566597,0.4797426394829387,0.410103343861786
ea-csp-lda,1,231,rest,feet,0.2269648076218461,0.0972976276324955,0.4490672086195011,0.2266703561261571
ea-csp-lda,1,232,right_hand,right_hand,0.3720285473733671,0.6264684177487181,0.0013580874218805,0.0001449474560342
ea-csp-lda,1,233,left_hand,left_hand,0.8012650925631927,0.1929312311636764,0.0050003571713063,0.0008033191018244
ea-csp-lda,1,234,feet,rest,2.3332393560897514e-05,0.0001107522459762,0.2710102415608254,0.7288556737996374
ea-csp-lda,1,235,rest,right_hand,0.2074728494591615,0.3536593523838598,0.2915979340872954,0.1472698640696832
ea-csp-lda,1,236,rest,feet,0.0347765073440717,0.0647918242080189,0.4990267116574827,0.4014049567904266
ea-csp-lda,1,237,feet,rest,0.006223894325228,0.0075442078382673,0.4413546166131645,0.5448772812233401
ea-csp-lda,1,238,left_hand,left_hand,0.5881606861536726,0.3394942665265259,0.0553240299957212,0.0170210173240803
ea-csp-lda,1,239,right_hand,right_hand,0.2058113881731669,0.7886587510204727,0.0048673428350527,0.0006625179713077
ea-csp-lda,1,240,rest,feet,0.040171734527189,0.0980883694157267,0.5421565615137365,0.3195833345433477
ea-csp-lda,1,241,right_hand,left_hand,0.7401191895771557,0.2584178425056883,0.0013128632759414,0.0001501046412145
ea-csp-lda,1,242,left_hand,left_hand,0.5125071112860571,0.4858840538413395,0.0014473069069869,0.0001615279656165
ea-csp-lda,1,243,feet,right_hand,0.2422529786857079,0.546252029589107,0.1539005307061824,0.0575944610190025
ea-csp-lda,1,244,left_hand,left_hand,0.672596218533848,0.3267678553628076,0.0005802907045703,5.563539877403958e-05
ea-csp-lda,1,245,feet,rest,0.0028672180702499,0.0064591388593964,0.4425945696370619,0.5480790734332915
ea-csp-lda,1,246,rest,rest,0.0087514497642688,0.0011726468306753,0.3778274407114141,0.6122484626936417
ea-csp-lda,1,247,right_hand,right_hand,0.4345872809730841,0.5642349691702528,0.001074568804662,0.0001031810520009
ea-csp-lda,1,248,right_hand,left_hand,0.5278812413258079,0.4715884712867778,0.0004894597173567,4.082767005748847e-05
ea-csp-lda,1,249,rest,rest,0.0033227004892914,0.0039244676698391,0.4309705613560651,0.5617822704848042
ea-csp-lda,1,250,feet,right_hand,0.3332112013964051,0.665847887535727,0.0008568518182069,8.405924966088051e-05
ea-csp-lda,1,251,left_hand,right_hand,0.3386130310995822,0.6572324901463054,0.0036586612387809,0.0004958175153314
ea-csp-lda,1,252,right_hand,right_hand,0.108987842783325,0.8876900397056111,0.0029898557094998,0.0003322618015639
ea-csp-lda,1,253,left_hand,right_hand,0.3229337200321069,0.6750776077606507,0.0017971219859018,0.0001915502213405
ea-csp-lda,1,254,rest,right_hand,0.0207271985827541,0.6282060105060671,0.2474264724022478,0.103640318508931
ea-csp-lda,1,255,feet,feet,0.0719690319350711,0.0142049428422749,0.4804415283070232,0.4333844969156308
ea-csp-lda,1,256,right_hand,left_hand,0.5151508532619018,0.4815681763846637,0.0029066766049477,0.0003742937484867
ea-csp-lda,1,257,rest,feet,0.2927862175713663,0.0121841498639823,0.3826898239109823,0.312339808653669
ea-csp-lda,1,258,feet,feet,0.0792303333112867,0.0105011414577685,0.474224576892859,0.4360439483380858
ea-csp-lda,1,259,left_hand,left_hand,0.8531997108427257,0.0242688656810818,0.0867421780837583,0.035789245392434
ea-csp-lda,1,260,right_hand,left_hand,0.6472765630417395,0.3447960390270129,0.0067896166797873,0.0011377812514601
ea-csp-lda,1,261,feet,rest,0.0086411528801022,0.0020337130875322,0.4064994889489656,0.5828256450833998
ea-csp-lda,1,262,rest,feet,0.2667787471754095,0.1840870032649113,0.3748769046169431,0.1742573449427359
ea-csp-lda,1,263,left_hand,right_hand,0.4119321291974071,0.5786262154161546,0.0083211927339229,0.0011204626525153
ea-csp-lda,1,264,feet,rest,4.530467361572241e-05,0.0002308753243005,0.3088274680529128,0.690896351949171
ea-csp-lda,1,265,right_hand,right_hand,0.3471304803947334,0.6507475588769177,0.0019143005778986,0.0002076601504503
ea-csp-lda,1,266,left_hand,left_hand,0.5156144466163789,0.4829138297853748,0.001337465300982,0.0001342582972642
ea-csp-lda,1,267,rest,rest,0.0003496200726233,0.0013471084083077,0.3584744221883436,0.6398288493307253
ea-csp-lda,1,268,rest,rest,0.0064491220885901,0.0075036489825752,0.4817212782270336,0.5043259507018011
ea-csp-lda,1,269,feet,left_hand,0.4120849029861548,0.2564297079044609,0.2386572320235839,0.0928281570858003
ea-csp-lda,1,270,right_hand,left_hand,0.5624514311844077,0.4351410679454133,0.0021278213094896,0.0002796795606892
ea-csp-lda,1,271,left_hand,right_hand,0.4688538696893404,0.525710509982095,0.0047901277305305,0.0006454925980339
ea-csp-lda,1,272,right_hand,right_hand,0.2251622114391584,0.772494576588279,0.0021135094594811,0.0002297025130814
ea-csp-lda,1,273,rest,rest,8.764305314456995e-05,8.473425614988791e-05,0.2666328692938509,0.7331947533968547
ea-csp-lda,1,274,left_hand,left_hand,0.5972723632723318,0.396441435160998,0.0054147671097521,0.0008714344569181
ea-csp-lda,1,275,feet,rest,0.0065107760351971,0.014626036555126,0.4827804543806189,0.4960827330290578
ea-csp-lda,1,276,rest,rest,0.0042869697092964,0.0016909415274079,0.3993903357500811,0.5946317530132145
ea-csp-lda,1,277,left_hand,left_hand,0.6977528307339841,0.2953823147836437,0.0059561580792025,0.0009086964031696
ea-csp-lda,1,278,right_hand,right_hand,0.4404671117398362,0.557003182156198,0.0022848931922321,0.0002448129117336
ea-csp-lda,1,279,feet,rest,0.0786499734289637,0.0049305130826058,0.4476859019386248,0.4687336115498057
ea-csp-lda,1,280,feet,rest,0.0086450101765532,0.0124768999648718,0.4476196434938496,0.5312584463647254
ea-csp-lda,1,281,left_hand,right_hand,0.4802321865936317,0.5156883539612509,0.0036297602858414,0.0004496991592759
ea-csp-lda,1,282,rest,left_hand,0.4657382427155741,0.3650473553623498,0.1295698599190944,0.0396445420029814
ea-csp-lda,1,283,right_hand,right_hand,0.10408987002176,0.8925208850396853,0.0030291540470892,0.0003600908914653
ea-csp-lda,1,284,right_hand,right_hand,0.1197138489650685,0.7793868591335854,0.0801573176925597,0.0207419742087862
ea-csp-lda,1,285,left_hand,left_hand,0.7665756675001557,0.2119218284073915,0.0177563536795387,0.0037461504129139
ea-csp-lda,1,286,feet,feet,0.0847396757303594,0.0070513192247416,0.4643828051106167,0.4438261999342823
ea-csp-lda,1,287,rest,rest,0.0011411809904522,0.0095032092039416,0.4317536182335222,0.5576019915720838
ea-csp-lda,1,288,right_hand,right_hand,0.3159891099590173,0.681412733611434,0.0023348310847549,0.0002633253447938
ea-csp-lda,1,289,left_hand,left_hand,0.5983562376224433,0.4003432461169138,0.0011842159946398,0.0001163002660031
ea-csp-lda,1,290,feet,left_hand,0.610582710911672,0.1965179102655072,0.1513810563228837,0.0415183224999371
ea-csp-lda,1,291,rest,rest,0.0006186434649966,0.0012759295057474,0.4125781240309906,0.5855273029982653
ea-csp-lda,1,292,right_hand,right_hand,0.4024685861115981,0.5963319995814266,0.0010937250369393,0.0001056892700359
ea-csp-lda,1,293,left_hand,right_hand,0.3518999781275246,0.6319753087503273,0.0139146854636499,0.0022100276584981
ea-csp-lda,1,294,rest,rest,0.0001250690186126,0.0044203736802893,0.4153391760407156,0.5801153812603823
ea-csp-lda,1,295,feet,rest,0.0183113439654557,0.0100268094471538,0.4757756107342147,0.4958862358531757
ea-csp-lda,1,296,left_hand,left_hand,0.5027232630322124,0.4964040693351758,0.0007893266194836,8.334101312823838e-05
ea-csp-lda,1,297,feet,rest,0.0007067697907933,0.0005294447047787,0.3358095791585203,0.6629542063459075
ea-csp-lda,1,298,rest,rest,0.0069406730852109,0.0135895088041622,0.4619196218962437,0.5175501962143831
ea-csp-lda,1,299,right_hand,right_hand,0.2503563389174385,0.7386583866813643,0.0095609592907017,0.0014243151104953
ea-csp-lda,1,300,feet,rest,0.0005750573879543,0.0001439377062675,0.305392656920427,0.6938883479853512
ea-csp-lda,1,301,rest,rest,0.003022543994926,0.0084014291105634,0.4713058760869772,0.5172701508075332
ea-csp-lda,1,302,right_hand,right_hand,0.0970172216859311,0.9020534822932934,0.0008521876223914,7.710839838395862e-05
ea-csp-lda,1,303,left_hand,left_hand,0.6988853023018743,0.2948825206273822,0.00542436477914,0.0008078122916033
ea-csp-lda,1,304,right_hand,right_hand,0.0394621708237732,0.8512450570189226,0.0852890606417781,0.0240037115155258
ea-csp-lda,1,305,left_hand,left_hand,0.5846042116729965,0.3935050380854937,0.0183525287722028,0.0035382214693068
ea-csp-lda,1,306,rest,rest,0.0002470589375558,0.0015446186236999,0.3699313797197053,0.628276942719039
ea-csp-lda,1,307,feet,right_hand,0.1091878710812438,0.4384047381041598,0.3248384265309824,0.127568964283614
ea-csp-lda,1,308,rest,rest,0.011107347817978,0.0045262383672399,0.4335127707182553,0.5508536430965268
ea-csp-lda,1,309,feet,rest,0.0006943938917379,0.0011203335145819,0.3483721133526805,0.6498131592409994
ea-csp-lda,1,310,left_hand,right_hand,0.3887653443681761,0.5887177834551496,0.018888188007876,0.0036286841687983
ea-csp-lda,1,311,right_hand,left_hand,0.8720612525747764,0.092110792470107,0.0285514111829007,0.0072765437722157
ea-csp-lda,1,312,feet,rest,0.0241358364081299,0.0015093535838078,0.4390478747533188,0.5353069352547433
ea-csp-lda,1,313,left_hand,right_hand,0.3737290349284022,0.6234057932985558,0.002544536801349,0.0003206349716929
ea-csp-lda,1,314,rest,rest,0.0001691023593394,0.0021185326214364,0.4091472448441264,0.5885651201750977
ea-csp-lda,1,315,right_hand,right_hand,0.3763589644830062,0.5580170934525112,0.0526522343306361,0.0129717077338464
ea-csp-lda,1,316,rest,rest,0.0092082832984173,0.0034694686587568,0.4759005772534559,0.5114216707893697
ea-csp-lda,1,317,feet,left_hand,0.5677565456522814,0.0343774847986815,0.2633491612479716,0.1345168083010654
ea-csp-lda,1,318,right_hand,right_hand,0.2879453063858609,0.6697760099080995,0.0350837011050061,0.0071949826010334
ea-csp-lda,1,319,left_hand,left_hand,0.5704720327210213,0.428454169293875,0.0009734942053988,0.0001003037797048
ea-csp-lda,2,0,rest,right_hand,0.2662429631005668,0.5822341201013835,0.1260163219881445,0.0255065948099053
ea-csp-lda,2,1,right_hand,right_hand,0.1601447062085651,0.8379132179956315,0.0018253661181277,0.0001167096776757
ea-csp-lda,2,2,feet,rest,0.0012756825372446,0.0031845569834254,0.3834264681131901,0.6121132923661398
ea-csp-lda,2,3,left_hand,right_hand,0.2322675353457165,0.7661766380560563,0.0014701325743399,8.569402388729192e-05
ea-csp-lda,2,4,left_hand,right_hand,0.3079036971570937,0.6898830866285367,0.0020804758605625,0.0001327403538072
ea-csp-lda,2,5,feet,rest,0.0004021009220958,0.0005232372867683,0.3022837591370118,0.696790902654124
ea-csp-lda,2,6,right_hand,right_hand,0.4107023134478195,0.5850434771204654,0.0039321218057786,0.0003220876259362
ea-csp-lda,2,7,rest,rest,0.0048401931376173,0.0020721632284659,0.3911795532840795,0.6019080903498372
ea-csp-lda,2,8,left_hand,right_hand,0.3280070485478965,0.670146096773894,0.0017350979464985,0.0001117567317108
ea-csp-lda,2,9,feet,rest,9.318138571957134e-05,0.0008670757145796,0.2987040262714548,0.7003357166282458
ea-csp-lda,2,10,right_hand,right_hand,0.2340933846816281,0.7628758976271788,0.0028233103861045,0.0002074073050885
ea-csp-lda,2,11,rest,rest,0.0156861879092282,0.0024090523063572,0.4243445606609249,0.5575601991234896
ea-csp-lda,2,12,feet,feet,0.0073844010696998,0.022171534490773,0.4925031135542014,0.4779409508853257
ea-csp-lda,2,13,right_hand,right_hand,0.2500300967215377,0.7463158747251399,0.0033966504453357,0.0002573781079865
ea-csp-lda,2,14,left_hand,left_hand,0.6286097929954387,0.3404081701082252,0.0270623956842815,0.0039196412120545
ea-csp-lda,2,15,rest,feet,0.0301612549696393,0.1094523940674744,0.5133425953615776,0.3470437556013088
ea-csp-lda,2,16,feet,feet,0.060418135634431,0.0500905007078254,0.5219674802449602,0.3675238834127833
ea-csp-lda,2,17,rest,feet,0.0229072646125947,0.0681667701729152,0.529826419514705,0.379099545699785
ea-csp-lda,2,18,left_hand,right_hand,0.4279786297427705,0.5670898319794668,0.004524344699123,0.0004071935786397
ea-csp-lda,2,19,right_hand,right_hand,0.3215138024584967,0.6599098937926775,0.0166056017990272,0.0019707019497984
ea-csp-lda,2,20,left_hand,left_hand,0.5673956951514761,0.4265886985281097,0.0055327642174781,0.000482842102936
ea-csp-lda,2,21,right_hand,left_hand,0.483460368614088,0.4730175800874711,0.0374920157824907,0.0060300355159503
ea-csp-lda,2,22,rest,left_hand,0.7699748350056144,0.0778330415670102,0.1165163878867478,0.0356757355406276
ea-csp-lda,2,23,feet,rest,0.0011783610642388,0.0008775139869922,0.3278954884494863,0.6700486364992825
ea-csp-lda,2,24,right_hand,right_hand,0.4539921835871682,0.5440835733537843,0.0018101414394115,0.0001141016196357
ea-csp-lda,2,25,left_hand,right_hand,0.469516196061107,0.5234733209781105,0.0064243141576355,0.0005861688031468
ea-csp-lda,2,26,feet,rest,0.0006304811315475,0.0008229467819193,0.312985104992256,0.6855614670942771
ea-csp-lda,2,27,rest,rest,0.0008043275499694,0.0008961712909478,0.3153425617010945,0.6829569394579883
ea-csp-lda,2,28,right_hand,left_hand,0.6917949542533406,0.2957174606051843,0.0111911823715361,0.0012964027699387
ea-csp-lda,2,29,feet,rest,0.0001294504903416,8.114228265311503e-05,0.2222600168870896,0.7775293903399156
ea-csp-lda,2,30,rest,left_hand,0.4729372580614547,0.1888605139986788,0.2580984058531114,0.080103822086755
ea-csp-lda,2,31,left_hand,left_hand,0.6353192773453672,0.3530233584746398,0.0105840115972072,0.0010733525827858
ea-csp-lda,2,32,feet,rest,0.0022162113584752,0.0016283306802072,0.372001251020838,0.6241542069404794
ea-csp-lda,2,33,rest,rest,0.0577497703971842,0.004631680006337,0.4578224217104479,0.4797961278860306
ea-csp-lda,2,34,right_hand,right_hand,0.2277370657657998,0.7674542767006383,0.0044179434763581,0.0003907140572037
ea-csp-lda,2,35,left_hand,right_hand,0.3469874035629513,0.6444082431358904,0.0077790113331501,0.000825341968008
ea-csp-lda,2,36,feet,feet,0.0055157506675164,0.0257650763339099,0.5018554624250225,0.466863710573551
ea-csp-lda,2,37,rest,rest,0.0089346922379054,0.0018402444209139,0.4009494133974607,0.5882756499437198
ea-csp-lda,2,38,right_hand,right_hand,0.3734145821866554,0.6189328042079036,0.0069502758016583,0.0007023378037826
ea-csp-lda,2,39,left_hand,left_hand,0.5060798973260358,0.487657269456819,0.0057427455219917,0.0005200876951535
ea-csp-lda,2,40,rest,feet,0.0073508788027824,0.031468152741889,0.4974735419252106,0.463707426530118
ea-csp-lda,2,41,feet,rest,0.0013672268098433,0.003115417221788,0.38939279383574,0.6061245621326286
ea-csp-lda,2,42,left_hand,left_hand,0.6899689245240281,0.2897464931138371,0.0178786249231285,0.0024059574390061
ea-csp-lda,2,43,right_hand,right_hand,0.0949227621348109,0.8553891248942672,0.0426366460080836,0.0070514669628382
ea-csp-lda,2,44,left_hand,left_hand,0.6344183139243986,0.3493359460444222,0.0143593725699278,0.0018863674612514
ea-csp-lda,2,45,feet,rest,0.001787038300355,0.0107276597110935,0.4292915210883292,0.558193780900222
ea-csp-lda,2,46,rest,rest,0.020990335247729,0.0137202788067422,0.4791013300243502,0.4861880559211786
ea-csp-lda,2,47,right_hand,right_hand,0.264541195394627,0.7331493626377587,0.002156972580595,0.0001524693870192
