subject,trial,y_true,y_pred,proba_left_hand,proba_right_hand,proba_feet,proba_rest
1,0,rest,feet,0.0030333089920758,0.0012837851549054,0.509833549366388,0.4858493564866308
1,1,feet,rest,9.402403203491556e-06,6.321840377340961e-05,0.3364444579627437,0.6634829212302793
1,2,left_hand,left_hand,0.5656174247685558,0.4288447222965417,0.0045273811500475,0.001010471784855
1,3,right_hand,right_hand,0.0506930891050783,0.937089200214286,0.0088401393351518,0.0033775713454838
1,4,rest,rest,9.3364819683121e-05,9.313538330147562e-05,0.1703346552136569,0.8294788445833585
1,5,right_hand,right_hand,0.1433869221684816,0.8374363425629976,0.0144587168304217,0.004718018438099
1,6,feet,feet,0.0023008590587652,0.0078370042786952,0.6298403980282499,0.3600217386342898
1,7,left_hand,right_hand,0.326776486322266,0.6701793524232875,0.0028103661840417,0.0002337950704047
1,8,right_hand,right_hand,0.2602799677848578,0.7373905630709754,0.0018760343141418,0.0004534348300248
1,9,rest,rest,0.00068074757266,0.0015954855547954,0.2742558618079881,0.7234679050645563
1,10,left_hand,left_hand,0.6992640058251028,0.2959028384287988,0.0039477199844212,0.000885435761677
1,11,feet,feet,0.0719921134199138,0.0444392424842697,0.5626816133382455,0.3208870307575708
1,12,left_hand,right_hand,0.2982359618853633,0.6982368274808934,0.002720406414572,0.0008068042191712
1,13,feet,rest,0.0007667638958669,0.0022911467844765,0.4148125798794514,0.5821295094402051
1,14,rest,rest,0.0003116147342034,0.0006014389161887,0.1397790503311825,0.8593078960184253
1,15,right_hand,left_hand,0.5587813874775935,0.4188153565759624,0.0186419438218206,0.0037613121246234
1,16,right_hand,right_hand,0.267069826372578,0.7275106072692149,0.004846504387476,0.000573061970731
1,17,feet,rest,0.0958306041212699,0.0258364205659097,0.3709195099099608,0.5074134654028594
1,18,rest,feet,0.2868533557136268,0.1259831721662591,0.3182643194505984,0.2688991526695156
1,19,left_hand,right_hand,0.4857865550517917,0.511691989378729,0.0023547901145256,0.0001666654549535
1,20,rest,rest,2.7350522340642623e-05,0.0001581008738658,0.4148583537140375,0.5849561948897559
1,21,feet,rest,0.0006316082982172,0.0008684163748526,0.4900957055467517,0.5084042697801782
1,22,left_hand,left_hand,0.651543651024906,0.3401206527628538,0.0073301919066875,0.0010055043055524
1,23,right_hand,right_hand,0.0231701143679892,0.9687367035236504,0.0050182592755877,0.0030749228327725
1,24,rest,rest,3.30948861271238e-05,8.338128363797366e-05,0.1261556197485545,0.8737279040816804
1,25,right_hand,right_hand,0.253825065348748,0.7121901793196107,0.0304527913505891,0.0035319639810521
1,26,left_hand,left_hand,0.766181967270555,0.2320146409301267,0.0016533412213996,0.0001500505779187
1,27,feet,feet,0.0047642488934963,0.0142269502365897,0.5729361048396503,0.4080726960302636
1,28,feet,feet,0.0147846935335462,0.0865127460979253,0.7317762033738795,0.1669263569946489
1,29,rest,rest,0.0004216357705898,0.001673324127179,0.4354666183365708,0.5624384217656604
1,30,right_hand,right_hand,0.4411984947405987,0.54578673406002,0.0105990263697899,0.0024157448295913
1,31,left_hand,left_hand,0.6527611677669599,0.3346626265668097,0.0109883596830269,0.0015878459832031
1,32,feet,feet,0.0025179845868929,0.0012368095939912,0.7406065650357153,0.2556386407834005
1,33,left_hand,left_hand,0.7619227331035654,0.2331262594503035,0.0037021438915141,0.0012488635546169
1,34,right_hand,right_hand,0.0700287590379154,0.890946401230644,0.0282205976541212,0.0108042420773192
1,35,rest,rest,8.230442346650492e-05,0.0001122326359331,0.1789807589660133,0.8208247039745871
1,36,right_hand,right_hand,0.109519366929525,0.8324436438251908,0.0476320814526148,0.0104049077926692
1,37,rest,rest,0.0007309812302084,0.0015393729055427,0.2809673298459461,0.7167623160183026
1,38,feet,feet,0.0432903648580479,0.1829855022536577,0.4681153033924442,0.30560882949585
1,39,left_hand,right_hand,0.4548928549832465,0.511552793926606,0.0194430190448012,0.0141113320453463
1,40,feet,rest,4.947682764925401e-05,0.0005557070734738,0.3568632886652163,0.6425315274336607
1,41,left_hand,left_hand,0.5642263635197093,0.4029912464331985,0.0266222398365935,0.0061601502104985
1,42,right_hand,right_hand,0.007577699365644,0.9376223730130814,0.0384959146226838,0.0163040129985906
1,43,rest,rest,0.0173508542027946,0.0166793557718162,0.2389785248697158,0.7269912651556734
1,44,rest,rest,0.0005700451634724,0.0004948184367987,0.3494198194002214,0.6495153169995075
1,45,left_hand,left_hand,0.717097326856578,0.2807803692457588,0.0016701757686255,0.0004521281290374
1,46,feet,rest,0.0006125982389638,0.0006933651665194,0.4222259443224924,0.5764680922720242
1,47,right_hand,right_hand,0.4294683257559555,0.5172742543582615,0.0400610877763281,0.0131963321094547
1,48,feet,rest,0.0027100405538191,0.0014204177607135,0.267450848528602,0.7284186931568652
1,49,rest,rest,0.0016902037803421,0.0295071700904041,0.3357121527087482,0.6330904734205054
1,50,right_hand,left_hand,0.4992467924986523,0.4922005209133752,0.0074498979585888,0.0011027886293837
1,51,left_hand,left_hand,0.7639592847673545,0.2221841247684065,0.009530233419486,0.0043263570447529
1,52,rest,rest,1.8495523247346745e-05,4.315748360650383e-05,0.1190747373832645,0.8808636096098815
1,53,right_hand,right_hand,0.2266052527526193,0.7250041781380578,0.0368480631733595,0.0115425059359631
1,54,feet,rest,0.0010633942070601,0.0011340005783368,0.3995630909558912,0.5982395142587117
1,55,left_hand,left_hand,0.5226925868603792,0.4683026668799959,0.004912184419204,0.0040925618404207
1,56,right_hand,right_hand,0.0493238039639442,0.9165854086478088,0.0244484529354096,0.0096423344528374
1,57,feet,rest,0.000369923783157,0.0003393474662572,0.2970775290550921,0.7022131996954937
1,58,left_hand,left_hand,0.8827673261650856,0.1131780800685788,0.0031196067589716,0.0009349870073639
1,59,rest,rest,9.010744560322691e-06,3.860062838009999e-05,0.2014870264977113,0.7984653621293484
1,60,feet,rest,0.0002710247867,0.0004192244739655,0.1875285432337012,0.8117812075056332
1,61,rest,feet,0.0026986035135774,0.0105051290767254,0.5219669383673945,0.4648293290423025
1,62,left_hand,left_hand,0.5295743231053844,0.4516937711792848,0.0148585844801568,0.0038733212351738
1,63,right_hand,right_hand,0.4381947832216891,0.5564148199303631,0.0045596486328777,0.0008307482150699
1,64,left_hand,left_hand,0.912575891128394,0.072459203597525,0.0115916797669752,0.0033732255071056
1,65,feet,feet,0.0581151141168445,0.0245276062332892,0.6286928136061718,0.2886644660436944
1,66,right_hand,right_hand,0.2654011664844324,0.6897713807271054,0.0264321880441331,0.018395264744329
1,67,rest,rest,4.601211405535594e-05,5.7947904730941104e-05,0.1003320038017514,0.8995640361794622
1,68,right_hand,right_hand,0.2020476139573218,0.7883120938156413,0.0081813884227758,0.001458903804261
1,69,left_hand,left_hand,0.9734683433888434,0.0246720817109429,0.0013094300316525,0.0005501448685611
1,70,feet,rest,9.335525084333436e-05,0.0006266083528933,0.213469243583732,0.7858107928125313
1,71,rest,rest,0.004273988044538,0.005115426276204,0.3646703641962095,0.6259402214830484
1,72,left_hand,left_hand,0.7599596619900854,0.2391402590002882,0.0007796886041849,0.0001203904054412
1,73,feet,rest,2.390947361338345e-05,2.295437089680072e-05,0.3185099915028175,0.6814431446526723
1,74,right_hand,right_hand,0.3985121849384966,0.5908934314612503,0.0078365629340956,0.0027578206661574
1,75,rest,rest,0.0033843975914682,0.0008682919230568,0.1654153941255626,0.8303319163599122
1,76,right_hand,right_hand,0.054946883632994,0.9431248596110592,0.0016678175799296,0.0002604391760172
1,77,feet,rest,0.000192846042606,0.0008764316597851,0.4292735775490311,0.5696571447485776
1,78,rest,rest,0.0011738893563822,0.0020510249680526,0.3019548143868548,0.6948202712887103
1,79,left_hand,left_hand,0.7595602284362353,0.2324302072493984,0.006669558514281,0.0013400058000851
1,80,left_hand,right_hand,0.449947485968264,0.547030807615373,0.0026767597482281,0.0003449466681347
1,81,rest,rest,0.0005588982355198,0.0007798746210461,0.3160872367051323,0.6825739904383016
1,82,right_hand,right_hand,0.1911723153285458,0.8063440504204723,0.0019362122957786,0.0005474219552032
1,83,feet,rest,0.0102974375836033,0.0013774258341494,0.4176172877593635,0.5707078488228837
1,84,feet,feet,0.0012798504386611,0.0008204951385124,0.5037239284778835,0.494175725944943
1,85,right_hand,right_hand,0.4451393456581334,0.5456004814554928,0.0080483864218892,0.0012117864644845
1,86,rest,rest,0.0002701920356031,0.0002624763517948,0.15593849111187,0.843528840500732
1,87,left_hand,left_hand,0.7892724423070989,0.2043826811779204,0.0058335281869623,0.0005113483280184
1,88,feet,rest,0.0002552103766986,0.0009480303714786,0.3661091447672954,0.6326876144845273
1,89,rest,rest,0.0009310616231151,0.0004671235735955,0.2208939892770594,0.7777078255262299
1,90,left_hand,left_hand,0.7266182475178471,0.2675856213552888,0.0050214571586559,0.000774673968208
1,91,right_hand,right_hand,0.0711462587924,0.92637033838991,0.0020620614263863,0.0004213413913038
1,92,rest,rest,0.0082155381156622,0.0179299232475683,0.2482932954702448,0.7255612431665246
1,93,left_hand,left_hand,0.570342528240496,0.4254363654596622,0.0033654241053244,0.0008556821945173
1,94,feet,rest,0.0001203908263834,0.0018916020820499,0.3127822990487454,0.6852057080428211
1,95,right_hand,left_hand,0.5636508989079311,0.4346186744596926,0.001141141593647,0.0005892850387292
1,96,left_hand,left_hand,0.761951232518976,0.2279367475121192,0.0082601870423023,0.0018518329266025
1,97,feet,rest,0.0003228202830221,0.0020778584383807,0.3362061085476766,0.6613932127309206
1,98,right_hand,right_hand,0.3674318250149693,0.6301091918299951,0.0018374710842291,0.0006215120708064
1,99,rest,rest,0.0001067917287014,0.0007076376661932,0.4377836221148101,0.5614019484902952
1,100,feet,feet,0.0253920208421731,0.0237030488542155,0.5013926633796321,0.4495122669239793
1,101,right_hand,right_hand,0.2011564148958387,0.7806289093056609,0.0134042301879167,0.0048104456105835
1,102,left_hand,right_hand,0.4658504537504845,0.5300734324959506,0.0034397608210832,0.0006363529324816
1,103,rest,rest,0.0002690461420953,0.0024863364344031,0.2676865914666163,0.7295580259568852
1,104,rest,rest,0.2093151028726074,0.0621457115721376,0.2768988710593216,0.4516403144959333
1,105,left_hand,right_hand,0.4208625025943932,0.5775337707659216,0.0013024363337591,0.0003012903059259
1,106,feet,rest,0.0002742815730642,0.0021416635899498,0.3496402329129565,0.6479438219240293
1,107,right_hand,right_hand,0.0873480847237033,0.9041133741137,0.0068588792251233,0.0016796619374733
1,108,feet,rest,1.4128827045372089e-05,4.9446036473747695e-05,0.1941329147573899,0.805803510379091
1,109,rest,rest,2.424528811829494e-05,2.850011922000232e-05,0.1718366218619348,0.8281106327307268
1,110,left_hand,left_hand,0.534312572251198,0.4556244952517583,0.0083488729739701,0.0017140595230734
1,111,right_hand,right_hand,0.201153114361967,0.7454995426211495,0.0441439390621275,0.0092034039547559
1,112,feet,rest,3.8172905427512926e-05,0.0001781763146952,0.1893117919734886,0.8104718588063886
1,113,rest,rest,0.0003095855741112,0.0008810642830767,0.1804347596851814,0.8183745904576306
1,114,right_hand,right_hand,0.214084063227703,0.7843958604220381,0.0013201963014952,0.0001998800487637
1,115,left_hand,left_hand,0.7388989723255013,0.2594520625283668,0.0013409080999713,0.0003080570461606
1,116,rest,right_hand,0.1304201725213842,0.453291756834143,0.273380427435929,0.1429076432085437
1,117,right_hand,right_hand,0.1121771842315315,0.8784819172377198,0.0075012535161353,0.0018396450146132
1,118,feet,rest,0.0077099854815738,0.010275701548232,0.3299614517233232,0.652052861246871
1,119,left_hand,left_hand,0.5443786692041406,0.4479363222571845,0.005501825856965,0.0021831826817098
1,120,rest,left_hand,0.7675169250671467,0.1936949748356587,0.0179319736902534,0.020856126406941
1,121,right_hand,right_hand,0.0450851752602372,0.9480403425559792,0.0056920303475939,0.0011824518361895
1,122,feet,rest,0.0044143069069298,0.0077069038700888,0.3923985313587028,0.5954802578642785
1,123,left_hand,right_hand,0.2804714179963845,0.7119585285247835,0.0067760057163757,0.0007940477624562
1,124,left_hand,left_hand,0.7341047947255658,0.2613271117586232,0.0036204310480051,0.0009476624678059
1,125,right_hand,right_hand,0.0142494762125015,0.979891103141501,0.0042065081647921,0.0016529124812054
1,126,feet,right_hand,0.4655045536017775,0.5150085057813665,0.0169066076351376,0.0025803329817183
1,127,rest,rest,1.0662493865395552e-05,0.0001675880934133,0.1697351322014264,0.8300866172112948
1,128,left_hand,rest,0.2773689312123278,0.0055941168467388,0.2377528612190958,0.4792840907218376
1,129,rest,left_hand,0.3585506117374896,0.2751713638486301,0.2707494982474981,0.0955285261663821
1,130,right_hand,right_hand,0.3110728030155437,0.6853114902051868,0.0029049158064415,0.0007107909728279
1,131,feet,rest,0.0002262167640536,4.933881754906428e-05,0.2948538428417089,0.7048706015766883
1,132,rest,rest,0.0007810681743238,0.001707500196225,0.2722548005434507,0.7252566310860005
1,133,feet,rest,0.0004438479661877,0.0006303214205196,0.2832569435986283,0.7156688870146644
1,134,left_hand,left_hand,0.6625820861703017,0.3315166778111415,0.005110136343546,0.0007910996750107
1,135,right_hand,right_hand,0.0411183328862111,0.9134543170110392,0.0369474817228921,0.0084798683798573
1,136,left_hand,left_hand,0.922111545586252,0.0772495896615951,0.0005391834526381,9.968129951444822e-05
1,137,rest,rest,0.0002943929307787,0.0024798057530576,0.3416501182585809,0.6555756830575825
1,138,right_hand,right_hand,0.2647275164586998,0.696921361117935,0.0336710579572252,0.00468006446614
1,139,feet,rest,6.808342425493688e-05,0.0004296481517823,0.2422048045417975,0.7572974638821651
1,140,rest,rest,0.0003163264141209,0.0006874715525092,0.2767486983140417,0.7222475037193281
1,141,right_hand,right_hand,0.3787364071874709,0.6203776307177887,0.0007766317570802,0.00010933033766
1,142,feet,rest,0.0052906498858768,0.0125176338207936,0.2501765386835349,0.7320151776097945
1,143,left_hand,left_hand,0.6340554974481097,0.3644720938432946,0.0011795652800426,0.0002928434285529
1,144,left_hand,right_hand,0.277020340675458,0.7218248360655158,0.0008536249576154,0.0003011983014106
1,145,right_hand,right_hand,0.1300352346804947,0.8468068920945306,0.0191862359319102,0.0039716372930643
1,146,rest,right_hand,0.2516378451896495,0.7365829934417318,0.010531076529532,0.0012480848390864
1,147,feet,feet,0.0084258062054026,0.002433338325108,0.5742340632267368,0.4149067922427525
1,148,rest,feet,0.0013752837561187,0.0049346557354958,0.5330934358383859,0.4605966246699993
1,149,feet,rest,0.2368289331378243,0.0354713180243713,0.3410540628190802,0.3866456860187241
1,150,left_hand,left_hand,0.8509027596730534,0.1457592777903292,0.0027360477026617,0.0006019148339554
1,151,right_hand,right_hand,0.207373634761832,0.784529781229608,0.0063280821106253,0.0017685018979345
1,152,rest,feet,0.0041967155248789,0.0057407227276145,0.6084868823545438,0.3815756793929626
1,153,feet,rest,0.0010635977566099,0.0009325968199509,0.2873464869511782,0.710657318472261
1,154,right_hand,right_hand,0.301267454385643,0.6928831364929612,0.0041547042948251,0.0016947048265706
1,155,left_hand,left_hand,0.9763332465461324,0.018364236356284,0.0041474153693035,0.0011551017282801
1,156,left_hand,left_hand,0.5606440065027071,0.4369318700231879,0.0020493550824181,0.0003747683916868
1,157,feet,rest,0.0083553852583239,0.002536705860237,0.301640438157469,0.68746747072397
1,158,right_hand,right_hand,0.1894244462075224,0.8056101156608692,0.003669608639438,0.0012958294921702
1,159,rest,rest,0.0005316399349946,0.0027325028841106,0.4105709125488025,0.5861649446320921
1,160,right_hand,right_hand,0.2161114730351533,0.7811678493996302,0.0024944780682427,0.0002261994969737
1,161,feet,feet,0.0250922185101236,0.0377206185652792,0.6317389379569398,0.3054482249676573
1,162,left_hand,left_hand,0.754549006110119,0.2350991450720412,0.0082484896164552,0.0021033592013846
1,163,rest,rest,0.0012663422860599,0.0307854100954421,0.4190726462260747,0.5488756013924232
1,164,right_hand,right_hand,0.2436669508189673,0.7416603183908987,0.0133299616998993,0.0013427690902344
1,165,rest,rest,0.0323385585943614,0.0327742218367668,0.3645410728607112,0.5703461467081606
1,166,feet,feet,0.0905481185836208,0.0771307907729667,0.4244858509454163,0.407835239697996
1,167,left_hand,left_hand,0.5021205929859838,0.4965293865424227,0.0008846902633494,0.0004653302082441
1,168,right_hand,right_hand,0.1528077511826095,0.8437907312140231,0.0031820273250222,0.0002194902783449
1,169,left_hand,left_hand,0.7113069182678716,0.2881045797350854,0.0005415371479424,4.696484910059793e-05
1,170,rest,feet,0.0012300612814246,0.0411751564368474,0.4971383288996896,0.4604564533820382
1,171,feet,rest,0.0110583481268111,0.0026471113465156,0.4384482552535899,0.5478462852730833
1,172,right_hand,left_hand,0.676124185020972,0.3196670337821689,0.0036238132051367,0.0005849679917223
1,173,feet,rest,0.0006164099528291,0.0003459852828826,0.2818251967518073,0.7172124080124809
1,174,left_hand,left_hand,0.7060342136205155,0.2911594636803096,0.0024104100082678,0.0003959126909071
1,175,rest,feet,0.0010333902481778,0.0186341404299693,0.5586675519205665,0.4216649174012863
1,176,feet,rest,0.0624159619265963,0.0379227131137797,0.3848895274412383,0.5147717975183854
1,177,right_hand,left_hand,0.5311994159077856,0.4599587692279929,0.0079098137020644,0.000932001162157
1,178,rest,rest,0.0002427589636276,0.000734106254152,0.2032361868145332,0.7957869479676869
1,179,left_hand,left_hand,0.9047761304017258,0.0950557246251709,0.0001391989395877,2.8946033515560448e-05
1,180,right_hand,right_hand,0.3049319655711952,0.6804767208192668,0.0128593139231822,0.0017319996863558
1,181,rest,rest,0.033789738639063,0.038695729516733,0.2456440921205817,0.6818704397236222
1,182,left_hand,right_hand,0.4330304697972055,0.553224171401456,0.0125880594464292,0.0011572993549092
1,183,feet,rest,0.0006216562039786,0.0009684692579351,0.1610821482798289,0.8373277262582572
1,184,rest,feet,0.0009688069345958,0.0048126595787266,0.5863912514154003,0.4078272820712773
1,185,feet,rest,0.0236088640002191,0.025546004447428,0.3886235124371399,0.562221619115213
1,186,left_hand,right_hand,0.4895565167535926,0.5098558998925146,0.0005439208112569,4.366254263593965e-05
1,187,right_hand,right_hand,0.3928191527037603,0.605548687826299,0.0012609350916174,0.0003712243783231
1,188,feet,rest,4.074406312613531e-05,7.00404479490178e-05,0.2917630901545697,0.7081261253343551
1,189,left_hand,left_hand,0.8111433253419985,0.1838789013257519,0.0034511759327917,0.0015265973994577
1,190,right_hand,right_hand,0.0098110028840276,0.8855544219809903,0.0816527506792185,0.0229818244557633
1,191,rest,rest,0.0041788175202896,0.0142119110567777,0.4340810941048117,0.5475281773181208
1,192,left_hand,left_hand,0.7373518680357134,0.2621461521997313,0.0003739150441801,0.000128064720375
1,193,rest,feet,0.0635049646187937,0.0492025432273346,0.5728273978501663,0.3144650943037054
1,194,right_hand,left_hand,0.6039726693695762,0.3891950579334657,0.0062168782692525,0.0006153944277056
1,195,feet,feet,0.1235342682692678,0.0304366931724359,0.5304282363050469,0.3156008022532494
1,196,feet,rest,0.0001661410241416,0.0006047378570809,0.3821629735065508,0.6170661476122264
1,197,rest,right_hand,0.1782588197215329,0.7263650541459605,0.0743085173570012,0.0210676087755053
1,198,right_hand,right_hand,0.1662277767837386,0.8267096714566292,0.0061969476610833,0.0008656040985488
1,199,left_hand,left_hand,0.7244388477739482,0.2647792148727257,0.0093054689755808,0.0014764683777452
1,200,rest,left_hand,0.4877191146341283,0.3782425864785328,0.1014638113329676,0.032574487554371
1,201,feet,right_hand,0.3496153687757852,0.5843881055115979,0.0538070554183623,0.0121894702942544
1,202,right_hand,right_hand,0.2246324542577314,0.7628967582032792,0.0115426317905863,0.000928155748403
1,203,left_hand,left_hand,0.8551602346800987,0.1412015311277056,0.0032060429805105,0.000432191211685
1,204,left_hand,left_hand,0.7211887545740943,0.2766065109579285,0.0018360627851487,0.0003686716828285
1,205,right_hand,right_hand,0.0372517556949778,0.9598878863180846,0.0025859029609756,0.0002744550259619
1,206,feet,rest,0.0220031279746777,0.0166751467582596,0.189716926240155,0.7716047990269075
1,207,rest,rest,0.0108241772447221,0.0313862392408882,0.4262639344687265,0.531525649045663
1,208,right_hand,right_hand,0.2618941681486972,0.737390904286511,0.0006497666377064,6.51609270854458e-05
1,209,rest,rest,0.0002502895885709,0.0005059780277659,0.1806763060853328,0.8185674262983302
1,210,feet,rest,0.0012634837960568,0.0007543655561389,0.268890289154049,0.7290918614937553
1,211,left_hand,left_hand,0.8001434060097984,0.1261714847702233,0.0517858634493541,0.0218992457706241
1,212,right_hand,right_hand,0.0498782927712271,0.9276351787946412,0.0184363120584721,0.0040502163756596
1,213,feet,rest,0.0013993295129406,0.0008964599403886,0.2397270571693521,0.7579771533773184
1,214,left_hand,left_hand,0.8471114470933606,0.1121677261259676,0.031142659846547,0.0095781669341246
1,215,rest,feet,0.0008226579947177,0.0028395394452783,0.5574678593358311,0.438869943224173
1,216,rest,rest,0.0025109089906271,0.0015085668768188,0.133654731819848,0.862325792312706
1,217,feet,rest,0.0883702382522207,0.0344878648260124,0.3599885952214255,0.5171533017003412
1,218,left_hand,left_hand,0.7450242464147669,0.2540921772558492,0.0007051448693906,0.0001784314599931
1,219,right_hand,right_hand,0.1288502239329947,0.8686264398733645,0.0022671157855062,0.0002562204081345
1,220,left_hand,left_hand,0.5607212623176012,0.4386855137168776,0.0005559369691,3.7286996421257165e-05
1,221,rest,rest,2.488608205773404e-05,7.805076128604458e-05,0.4233668025179041,0.576530260638752
1,222,right_hand,right_hand,0.0823553885384951,0.9111581066571456,0.0052200075211187,0.0012664972832406
1,223,feet,rest,0.0005777205398926,0.000885094213798,0.3019948122086594,0.69654237303765
1,224,right_hand,right_hand,0.118298515897628,0.8747675390117512,0.0058430483365964,0.0010908967540244
1,225,left_hand,left_hand,0.5988389796641604,0.3923092923708289,0.0076949773830155,0.0011567505819949
1,226,rest,right_hand,0.0664165754009274,0.433437709907329,0.3481120537096795,0.1520336609820641
1,227,feet,rest,6.433037658674619e-05,0.0006365667766023,0.1181894643986658,0.8811096384481449
1,228,right_hand,left_hand,0.7374928514111799,0.2471908542010107,0.0113215602911538,0.0039947340966554
1,229,left_hand,left_hand,0.7990713646232943,0.1993302669109146,0.0013705025858645,0.0002278658799266
1,230,feet,rest,0.0257811270513372,0.0162390716930334,0.4152364774460343,0.5427433238095949
1,231,rest,rest,0.1385823850087365,0.2721207244224563,0.2043990567834033,0.3848978337854039
1,232,right_hand,right_hand,0.3541571368525321,0.6422620843317829,0.0029631099128166,0.0006176689028684
1,233,left_hand,left_hand,0.9215307956526344,0.0652637018967605,0.011143843550805,0.0020616588998
1,234,feet,rest,2.3169888330830426e-05,0.0003621412435974,0.2173582001472289,0.7822564887208427
1,235,rest,feet,0.0540092288565415,0.0633411483629343,0.602873665343603,0.2797759574369212
1,236,rest,feet,0.0157719998772388,0.0598368501962511,0.4763155075701273,0.4480756423563828
1,237,feet,rest,0.0071524959603507,0.0116938280453799,0.2776237442320987,0.7035299317621705
1,238,left_hand,left_hand,0.5972013189478436,0.3393575631422592,0.044212287110806,0.0192288307990911
1,239,right_hand,right_hand,0.277579759616003,0.7094695420270084,0.0110675743505763,0.0018831240064122
1,240,rest,rest,0.0133222522345765,0.0437216428684665,0.3597438574510384,0.5832122474459185
1,241,right_hand,left_hand,0.7706913975052487,0.2278794412923601,0.0012099121828436,0.0002192490195474
1,242,left_hand,left_hand,0.5208954713024812,0.47827489000912,0.0007182221923389,0.0001114164960599
1,243,feet,feet,0.2717038853407224,0.200612078929951,0.4125038714334446,0.115180164295882
1,244,left_hand,left_hand,0.6916803650798692,0.3072151092561648,0.0009954862109342,0.0001090394530318
1,245,feet,rest,0.0011319951486071,0.00249630225444,0.4412289713876897,0.5551427312092632
1,246,rest,rest,0.0155854083351319,0.0110592904586589,0.187609175145778,0.7857461260604309
1,247,right_hand,left_hand,0.629789760249243,0.3676012649493244,0.0022537615148628,0.0003552132865696
1,248,right_hand,left_hand,0.7361533496027818,0.2628977584276368,0.0008259033452452,0.0001229886243361
1,249,rest,rest,0.0004208638078467,0.0041209133419854,0.2869866099666482,0.7084716128835195
1,250,feet,left_hand,0.7495947385820133,0.2472635541205987,0.0029335437420571,0.0002081635553308
1,251,left_hand,right_hand,0.1311972360447275,0.8605608530692717,0.0070189522267615,0.0012229586592392
1,252,right_hand,right_hand,0.2444275303381371,0.7501734826671482,0.0048718631728321,0.0005271238218824
1,253,left_hand,left_hand,0.5727553162743358,0.4258501849892885,0.001252596522051,0.0001419022143246
1,254,rest,feet,0.0164885025258291,0.2350967547006039,0.4906281706811493,0.2577865720924177
1,255,feet,feet,0.0213998268719786,0.0234593236106113,0.4900162876080607,0.4651245619093492
1,256,right_hand,left_hand,0.5344769826101864,0.4633047965270053,0.0019271245511543,0.000291096311654
1,257,rest,feet,0.296164075154131,0.0169140151520851,0.3726283069434436,0.3142936027503401
1,258,feet,rest,0.0499488460742168,0.0102802345677131,0.3259433132258448,0.6138276061322252
1,259,left_hand,left_hand,0.754323087241508,0.0201902280828226,0.1142680473079744,0.111218637367695
1,260,right_hand,left_hand,0.61557542086689,0.3823329079693143,0.0016562880195555,0.00043538314424
1,261,feet,rest,0.0042472746743902,0.0024370337438876,0.4538939930456082,0.539421698536114
1,262,rest,rest,0.2394128920185993,0.2354561183688645,0.2244838281022775,0.3006471615102585
1,263,left_hand,left_hand,0.7978368940149524,0.1955698865912783,0.0058200373422349,0.0007731820515344
1,264,feet,rest,3.10911283870733e-05,0.0008606169560779,0.1753752613222848,0.8237330305932502
1,265,right_hand,right_hand,0.493584787136394,0.5031452466521431,0.0028391323812478,0.000430833830215
1,266,left_hand,left_hand,0.6568675382571156,0.342315522887695,0.0007096331522874,0.0001073057029017
1,267,rest,rest,9.371943744776717e-05,0.0005216368935812,0.2042111967248258,0.7951734469441453
1,268,rest,rest,0.0018935794845174,0.0058777309915668,0.3049895588949249,0.6872391306289908
1,269,feet,feet,0.1722167299810019,0.2263148219476776,0.4159024656252029,0.1855659824461178
1,270,right_hand,left_hand,0.7234527265594352,0.2724385815285224,0.0035936305267757,0.0005150613852665
1,271,left_hand,left_hand,0.5804988290612766,0.4118453432881716,0.0066767632838889,0.0009790643666629
1,272,right_hand,right_hand,0.2277665738815262,0.7659171082171193,0.0058688746533461,0.0004474432480082
1,273,rest,rest,0.0001329821915706,8.006095383075643e-05,0.1948964123890663,0.8048905444655321
1,274,left_hand,left_hand,0.7513048963509564,0.2464523437044189,0.001989607649599,0.0002531522950254
1,275,feet,rest,0.0063123742360063,0.0203685649659391,0.4760381028263615,0.4972809579716929
1,276,rest,rest,0.0013592373563503,0.0007595242452495,0.2342980673474254,0.7635831710509746
1,277,left_hand,left_hand,0.7673264616355916,0.2282578735891845,0.0032768531033676,0.0011388116718563
1,278,right_hand,right_hand,0.0658921464633318,0.9326802009968416,0.0013347396774199,9.29128624065915e-05
1,279,feet,rest,0.0468885159224606,0.0164509323611855,0.2848281133740651,0.6518324383422887
1,280,feet,feet,0.008175612842571,0.0060078104271364,0.5379731270429844,0.4478434496873082
1,281,left_hand,left_hand,0.5329635960603589,0.4648500120086498,0.0017635074289312,0.00042288450206
1,282,rest,right_hand,0.3351643486449101,0.4256722586113236,0.166568629357498,0.0725947633862681
1,283,right_hand,right_hand,0.0557376371155942,0.9393821898096772,0.0041329541689598,0.0007472189057687
1,284,right_hand,right_hand,0.1715924134264218,0.6509064671499474,0.1447230157458933,0.0327781036777374
1,285,left_hand,left_hand,0.894200632199756,0.0903153821565787,0.0137635313443025,0.0017204542993628
1,286,feet,rest,0.0341498394696895,0.0389252535050508,0.2796448540355448,0.6472800529897147
1,287,rest,feet,0.0006635851316629,0.0034669956042088,0.5398217138055575,0.4560477054585706
1,288,right_hand,right_hand,0.2806498050902739,0.7175175280069492,0.0016787632917533,0.0001539036110235
1,289,left_hand,left_hand,0.8959485077014074,0.102849384526213,0.0011037003257757,9.840744660367336e-05
1,290,feet,feet,0.2964154583482625,0.2979983403819259,0.3360044965363417,0.0695817047334698
1,291,rest,rest,0.0004362096685633,0.0032701566538644,0.3219518987923437,0.6743417348852284
1,292,right_hand,left_hand,0.5339048890003888,0.4625482526963996,0.0033827470714682,0.0001641112317432
1,293,left_hand,left_hand,0.5059446746412648,0.4445237329487245,0.0358023091253974,0.0137292832846133
1,294,rest,rest,0.0002675201490713,0.0030007320256624,0.4764506803710659,0.5202810674542002
1,295,feet,rest,0.0153446029126624,0.0069402885673163,0.2830900542895833,0.694625054230438
1,296,left_hand,left_hand,0.6097324838526865,0.3894152438170648,0.0007209011860931,0.0001313711441554
1,297,feet,rest,0.0003487300286629,0.0002504188107636,0.2417796687254445,0.7576211824351291
1,298,rest,rest,0.0073517863937649,0.008913590460177,0.2886492305406301,0.6950853926054279
1,299,right_hand,right_hand,0.2528311729674766,0.7259642585484699,0.0188117771954549,0.0023927912885985
1,300,feet,rest,0.0001327389723216,0.0001330083397238,0.1053323414517796,0.8944019112361749
1,301,rest,rest,0.0025801904034543,0.0119454045188945,0.2448321434619304,0.7406422616157206
1,302,right_hand,right_hand,0.1583066877873673,0.8399126475838454,0.0016054902134168,0.0001751744153704
1,303,left_hand,left_hand,0.7749592940885445,0.218552085365235,0.0057619186807966,0.0007267018654238
1,304,right_hand,right_hand,0.0402559235483421,0.7879678496293151,0.1266820587003631,0.0450941681219794
1,305,left_hand,left_hand,0.759909049675492,0.2289966494660862,0.0098212463142848,0.001273054544137
1,306,rest,rest,0.0003966721920219,0.0021146172938846,0.4523228110472333,0.54516589946686
1,307,feet,feet,0.0451954980375226,0.1335955641732333,0.661618788308114,0.1595901494811299
1,308,rest,rest,0.0020144774754406,0.003872896556164,0.1255764790019587,0.8685361469664367
1,309,feet,rest,0.0003052269872039,0.0010835759545122,0.2288116263499498,0.7697995707083342
1,310,left_hand,left_hand,0.7992758341273952,0.1899529278466807,0.0089872155797827,0.0017840224461412
1,311,right_hand,left_hand,0.8010520753164421,0.1565224480226998,0.0324974630060972,0.0099280136547608
1,312,feet,rest,0.003666074619092,0.0031110131340259,0.2877842085050178,0.705438703741864
1,313,left_hand,right_hand,0.4754841054395474,0.5174135347412413,0.0060881030266835,0.0010142567925277
1,314,rest,rest,0.0002290426079297,0.0016100521385548,0.3284545082674105,0.6697063969861048
1,315,right_hand,left_hand,0.7258191011565502,0.2642419900224599,0.0071933355054733,0.0027455733155166
1,316,rest,rest,0.0021781046677078,0.001700095410076,0.417707074277427,0.578414725644789
1,317,feet,left_hand,0.4003632651903426,0.1113541753532029,0.2382499107387166,0.2500326487177378
1,318,right_hand,left_hand,0.6159532439658537,0.3500470550897754,0.0283458695554627,0.0056538313889082
1,319,left_hand,right_hand,0.4666922249601931,0.5317168738129764,0.0013623791537243,0.0002285220731061
2,0,rest,right_hand,0.1723403097594992,0.6400224123284788,0.1782303429595607,0.0094069349524612
2,1,right_hand,right_hand,0.028194240539443,0.971331249525549,0.0004363858896706,3.812404533731928e-05
2,2,feet,feet,0.0025293275627849,0.0062035228414006,0.7294648052113232,0.2618023443844912
2,3,left_hand,right_hand,0.2602960189438631,0.7372554627679146,0.0023114149103749,0.0001371033778473
2,4,left_hand,right_hand,0.4430409472797046,0.5514830732143786,0.0051974891297847,0.000278490376132
2,5,feet,feet,0.0013451956167021,0.0001034555760395,0.5855049016816368,0.4130464471256213
2,6,right_hand,right_hand,0.0852043410466522,0.9135266926074908,0.0012039827160059,6.498362985086101e-05
2,7,rest,feet,0.0060364581958004,0.0020016609322501,0.8206367803873755,0.1713251004845738
2,8,left_hand,right_hand,0.2621387799786185,0.7354050191916691,0.0023375676284754,0.0001186332012368
2,9,feet,feet,0.0002709600178689,7.132249635691697e-05,0.759272475930264,0.2403852415555102
2,10,right_hand,right_hand,0.2100720851767034,0.7889672636390012,0.0009067275382824,5.392364601297098e-05
2,11,rest,feet,0.036173830948741,0.0012379710901793,0.5745325331868325,0.388055664774247
2,12,feet,feet,0.0050048764956325,0.0045236615183012,0.8591502841437186,0.1313211778423476
2,13,right_hand,right_hand,0.1770616391147803,0.8213261168450728,0.0014941359566699,0.000118108083477
2,14,left_hand,left_hand,0.5695122512078831,0.4187857963511074,0.0110115999022418,0.0006903525387677
2,15,rest,feet,0.0537233631414638,0.0370863948455728,0.7165318323155393,0.1926584096974241
2,16,feet,feet,0.0916991393059978,0.0160481742143536,0.7363009174614353,0.155951769018213
2,17,rest,feet,0.0216215939822499,0.0511929201868558,0.7654438798689196,0.1617416059619745
2,18,left_hand,left_hand,0.7633935734240855,0.2348837084000586,0.0014860331705526,0.0002366850053031
2,19,right_hand,right_hand,0.2584970953303787,0.7348298710869036,0.0062021702893042,0.0004708632934135
2,20,left_hand,left_hand,0.6628249965985563,0.333083909316933,0.0036581640991778,0.0004329299853327
2,21,right_hand,right_hand,0.1712074666496733,0.7995712722848248,0.0252193686136786,0.0040018924518233
2,22,rest,left_hand,0.851971592865747,0.0723824645561136,0.0579677847890813,0.0176781577890578
2,23,feet,feet,0.0027800872929442,0.0005701841014664,0.6874964449311008,0.3091532836744885
2,24,right_hand,right_hand,0.241430795232536,0.7580267130578091,0.0005037969283278,3.869478132695991e-05
2,25,left_hand,right_hand,0.4702530563665523,0.5238572533054736,0.0049355009639603,0.0009541893640138
2,26,feet,feet,0.0024135804395769,0.0001588383957331,0.7007622469526659,0.2966653342120239
2,27,rest,feet,0.0005923526050916,0.0004538623744996,0.6501857702700231,0.3487680147503856
2,28,right_hand,right_hand,0.4605906966086007,0.5313343360976049,0.0073421160022509,0.0007328512915433
2,29,feet,feet,0.0005644713566038,0.0003671310023279,0.5027638919206344,0.4963045057204338
2,30,rest,feet,0.2771436070852429,0.1627699945505357,0.4984993242878427,0.0615870740763786
2,31,left_hand,right_hand,0.3833099794538337,0.6109003406863215,0.0053302940625196,0.0004593857973251
2,32,feet,feet,0.010120925957913,0.0011974696561904,0.7040840140799447,0.2845975903059518
2,33,rest,feet,0.0518861007146964,0.0042151799045296,0.680381252074462,0.2635174673063118
2,34,right_hand,right_hand,0.0544567779057326,0.9442640258532352,0.0011907744509181,8.842179011383808e-05
2,35,left_hand,left_hand,0.6629309344934731,0.3291562519780585,0.0073670189983464,0.0005457945301219
2,36,feet,feet,0.0093049842754799,0.0155796397477735,0.7512132512424066,0.2239021247343402
2,37,rest,feet,0.019030649064174,0.0015127159078323,0.7502016825358548,0.2292549524921387
2,38,right_hand,right_hand,0.340603527045682,0.6559716235722427,0.0032095776501575,0.0002152717319177
2,39,left_hand,right_hand,0.4387740444042321,0.553880404261393,0.0070186290366106,0.0003269222977641
2,40,rest,feet,0.0087506866814312,0.0069165245647651,0.790272874164698,0.1940599145891055
2,41,feet,feet,0.0033702479587111,0.0016075724588318,0.6118172838915752,0.3832048956908818
2,42,left_hand,right_hand,0.3693848295078135,0.6271030818110609,0.0031007792167283,0.0004113094643971
2,43,right_hand,right_hand,0.0430593816663512,0.8923107193827532,0.0596552389125499,0.0049746600383458
2,44,left_hand,right_hand,0.4255256553663027,0.5581983287855645,0.0148730302548621,0.0014029855932705
2,45,feet,feet,0.0066908695875026,0.0031415482802653,0.7980760369782174,0.1920915451540146
2,46,rest,feet,0.0184590007491791,0.008925220814029,0.6615975719671059,0.3110182064696858
2,47,right_hand,right_hand,0.2512332955339579,0.7470535002198928,0.0016023758651572,0.0001108283809919
2,48,right_hand,right_hand,0.1081749402491341,0.8900369951553726,0.0016684297487952,0.0001196348466979
2,49,rest,feet,0.0212546593813292,0.030044832451903,0.5379203246889293,0.4107801834778383
2,50,left_hand,left_hand,0.6580813898655818,0.3415507441784249,0.0003432738132292,2.459214276389213e-05
2,51,feet,feet,0.0008218379940841,0.0001206489664159,0.6987038497755755,0.3003536632639242
2,52,rest,feet,0.073228428093398,0.056113261511619,0.7681025942812236,0.1025557161137591
2,53,left_hand,left_hand,0.7280745693865187,0.2678130608650853,0.0039306094883135,0.0001817602600823
2,54,feet,feet,0.003959713642726,0.0011067945822519,0.6529148504846173,0.3420186412904048
2,55,right_hand,right_hand,0.1468419850867456,0.8515566331516354,0.0014758321959335,0.0001255495656853
2,56,right_hand,right_hand,0.320671351529412,0.6783366385180655,0.0009332470304965,5.876292202596086e-05
2,57,rest,feet,0.3032909155454799,0.0164715863089713,0.4874100693181943,0.1928274288273542
2,58,left_hand,left_hand,0.6646245611491746,0.3283357737454171,0.0063039397071726,0.0007357253982357
2,59,feet,feet,0.0059750930356605,0.0007738657249104,0.5911510813737922,0.4020999598656367
2,60,left_hand,right_hand,0.4201932391152508,0.5767424802763824,0.0028239726725787,0.000240307935788
2,61,rest,feet,0.0533617574173313,0.0170528813993058,0.686446365311293,0.2431389958720697
2,62,feet,feet,0.0117888878744472,0.014827697725401,0.787361068237915,0.1860223461622367
2,63,right_hand,right_hand,0.2383164698303209,0.757082783785134,0.0040627252293878,0.0005380211551571
2,64,feet,rest,0.0138573661570207,0.0009687246746378,0.4263296509541754,0.558844258214166
2,65,rest,feet,0.2643598569449926,0.0173952094583516,0.5186293781115603,0.1996155554850953
2,66,left_hand,right_hand,0.3067268433690641,0.6913039796430124,0.0019127596778308,5.641731009272348e-05
2,67,right_hand,right_hand,0.0847598346458557,0.912862594476122,0.0020914128540995,0.0002861580239227
2,68,left_hand,right_hand,0.3243009464962474,0.6618692552261075,0.0128161465374278,0.0010136517402171
2,69,rest,feet,0.0543800685252844,0.0371205645377904,0.6568855305565728,0.2516138363803523
2,70,feet,feet,0.001677693676172,9.493076101195608e-05,0.7069448750311924,0.2912825005316235
2,71,right_hand,left_hand,0.7219433639845513,0.2708478005800179,0.0065907070146409,0.0006181284207897
2,72,left_hand,left_hand,0.6485070359955216,0.3503043054033805,0.0011435298076854,4.5128793412376427e-05
2,73,feet,feet,0.0013956805057211,0.0008325328901615,0.6022791166557997,0.3954926699483175
2,74,rest,feet,0.1918597160273012,0.0913323912823982,0.5677281116441638,0.1490797810461366
2,75,right_hand,right_hand,0.1383048761828315,0.8584485700992498,0.0030417988568087,0.0002047548611099
2,76,right_hand,right_hand,0.1817511088872564,0.8038001486184712,0.013497296587481,0.0009514459067914
2,77,rest,feet,0.0207285041970262,0.0017163242510103,0.5410287362025213,0.4365264353494419
2,78,left_hand,right_hand,0.2396334743486791,0.7588289556422074,0.0014687158181776,6.885419093576641e-05
2,79,feet,feet,0.0080839527758922,0.0029909599680643,0.7301466762174599,0.2587784110385834
2,80,left_hand,left_hand,0.5931337860138948,0.4063930974539436,0.0004380435843448,3.50729478169162e-05
2,81,right_hand,right_hand,0.1203579940870468,0.8768541634925777,0.0025320436450278,0.0002557987753475
2,82,rest,feet,0.0008834586492323,0.0004268765577215,0.5913211545009412,0.4073685102921049
2,83,feet,feet,0.0451377483995317,0.0174614427135317,0.6773027205342017,0.2600980883527348
2,84,right_hand,right_hand,0.1235821090480396,0.8742948770322214,0.0019354137085154,0.0001876002112234
2,85,feet,feet,0.0012886249109009,0.0003259854468031,0.6737216792663273,0.3246637103759686
2,86,rest,feet,0.0597170084781838,0.0605360562460038,0.6809535444409552,0.198793390834857
2,87,left_hand,left_hand,0.8065965496132259,0.1643865999911523,0.0273143973433107,0.0017024530523111
2,88,left_hand,left_hand,0.5415392014039316,0.4564906880874214,0.0018190016194457,0.0001511088892011
2,89,feet,feet,0.0347203465772239,0.0045504070945173,0.7855789371309977,0.1751503091972611
2,90,right_hand,right_hand,0.3801368975386828,0.6186097922029166,0.0011879942530617,6.531600533894102e-05
